N 6131954  chunks 5989  per-core base ceil(nch/120)=50 /110=55
view    vis  skip256 skip1024 skip4096 lost kept1024 cmax120 visimb_b visimb_c tie32 tie16 dup32 b120!=b110 gid!=b120 gid!=b110 m120!=b120 cull_ms
hero    0.307 0.478 0.382 0.259    0   3704    31 1.237 1.142  9436  7498     0  4525  4523  4494  4718 10.57
orb_00  0.214 0.543 0.413 0.264    0   3513    30 1.236 1.353  6166  4894     0  2954  2960  2904  3038 23.49
orb_01  0.222 0.532 0.404 0.259    0   3570    30 1.224 1.348  6269  4904     0  2998  2959  2931  3051 10.45
orb_02  0.234 0.517 0.398 0.248    0   3607    31 1.211 1.244  6510  5103     0  3109  3256  3137  3354 11.41
orb_03  0.247 0.502 0.386 0.238    0   3678    31 1.206 1.300  7320  5705     0  3494  3584  3418  3688 11.03
orb_04  0.264 0.488 0.371 0.234    0   3770    32 1.205 1.211  7297  5748     0  3546  3566  3474  3672 8.06
orb_05  0.284 0.475 0.365 0.226    0   3806    32 1.201 1.173  8312  6546     0  4047  3987  4078  4158 10.76
orb_06  0.305 0.468 0.361 0.222    0   3829    32 1.199 1.188  9179  7183     0  4373  4409  4266  4577 7.67
orb_07  0.325 0.462 0.356 0.220    0   3860    33 1.203 1.200  9144  7257     0  4431  4457  4352  4595 10.93
orb_08  0.337 0.456 0.351 0.223    0   3890    33 1.205 1.151  9832  7843     0  4653  4708  4621  4947 9.98
orb_09  0.342 0.452 0.354 0.226    0   3868    33 1.205 1.173 10168  8133     0  4867  4926  4853  5054 14.48
orb_10  0.338 0.453 0.360 0.234    0   3835    32 1.210 1.174 10869  8668     0  5321  5200  5177  5484 10.18
orb_11  0.329 0.462 0.364 0.242    0   3807    32 1.210 1.211 10732  8666     0  5276  5234  5124  5354 9.69
orb_12  0.318 0.473 0.377 0.244    0   3733    32 1.216 1.203 10149  8169     0  4860  4955  4939  5054 9.77
orb_13  0.306 0.484 0.390 0.255    0   3654    31 1.222 1.204  9472  7587     0  4610  4694  4650  4748 10.29
orb_14  0.297 0.494 0.398 0.260    0   3607    31 1.225 1.184  9295  7323     0  4511  4496  4437  4631 9.33
orb_15  0.291 0.501 0.406 0.271    0   3560    30 1.232 1.188  8493  6753     0  4087  4142  4187  4281 10.22
orb_16  0.287 0.507 0.414 0.279    0   3508    30 1.242 1.238  9069  7187     0  4392  4426  4358  4566 9.43
orb_17  0.288 0.509 0.417 0.285    0   3494    30 1.247 1.204  8839  6968     0  4309  4338  4233  4511 9.70
orb_18  0.289 0.507 0.416 0.289    0   3499    30 1.256 1.207  9245  7279     0  4413  4378  4403  4591 20.11
orb_19  0.288 0.505 0.408 0.286    0   3548    30 1.265 1.168  9172  7271     0  4397  4512  4375  4587 6.07
orb_20  0.287 0.502 0.401 0.283    0   3590    30 1.270 1.222  9382  7410     0  4550  4528  4400  4689 15.04
orb_21  0.282 0.501 0.404 0.282    0   3567    30 1.276 1.200  9171  7226     0  4352  4435  4399  4501 9.50
orb_22  0.273 0.502 0.404 0.277    0   3570    30 1.285 1.191  8511  6610     0  4094  4198  4010  4313 9.73
orb_23  0.260 0.512 0.409 0.279    0   3541    30 1.281 1.208  8158  6415     0  3980  3957  3807  4061 9.40
orb_24  0.241 0.525 0.417 0.280    0   3494    30 1.276 1.204  7419  5864     0  3592  3558  3478  3712 8.88
orb_25  0.225 0.543 0.423 0.273    0   3455    29 1.274 1.227  6929  5420     0  3363  3341  3238  3479 10.26
orb_26  0.214 0.552 0.424 0.271    0   3447    29 1.269 1.320  6305  4916     0  3088  3084  3010  3202 8.04
orb_27  0.208 0.557 0.423 0.272    0   3454    29 1.261 1.329  6289  4894     0  3023  3026  3015  3153 23.31
orb_28  0.209 0.554 0.422 0.266    0   3463    29 1.250 1.320  6146  4852     0  3006  3012  2878  3073 11.34
MEAN {"vis": 0.2771, "skip256": 0.5005, "skip1024": 0.3938, "kept": 3630.7, "cull_ms": 11.3044, "skip4096": 0.2582, "cmax120": 30.7333, "visimb_b": 1.2367, "visimb_c": 1.2228, "tie32": 8442.6, "dup32": 0.0, "b120!=b110": 4074.0333, "gid!=b120": 4094.9667, "gid!=b110": 4021.5333, "m120!=b120": 4228.0667, "same_chunk": 4.8333, "tie16": 6676.4, "lost_total": 0, "views_b120!=b110": 30, "views_gid!=b120": 30, "views_gid!=b110": 30, "views_tie32": 30}
