  x  y |   emitB  emitN |   brecB  brecN |   procB  procN |    recB   recN
  1  2 |   2.596  2.304 |   0.268  0.506 |   0.190  0.017 |       0      0
  2  2 |   2.640  2.175 |   0.475  0.459 |   0.148  0.017 |       0      0
  3  2 |   2.604  2.519 |   0.489  0.513 |   0.198  0.017 |       0      0
  4  2 |   2.529  2.691 |   0.612  0.476 |   0.076  0.016 |       0      0
  5  2 |   2.433  2.722 |   0.627  0.441 |   0.076  0.024 |       0      0
  6  2 |   2.398  2.747 |   0.610  0.468 |   0.068  0.030 |       0      0
 11  2 |   2.970  2.963 |   0.888  0.534 |   0.040  0.039 |       0      0
 12  2 |   2.866  2.853 |   0.899  0.535 |   0.065  0.039 |       0      0
 13  2 |   1.796  1.115 |   0.352  0.370 |   0.038  0.020 |       0      0
 14  2 |   1.566  1.197 |   0.367  0.391 |   0.040  0.023 |       0      0
 15  2 |   1.872  1.305 |   0.438  0.439 |   0.066  0.019 |       0      0
  1  3 |   2.727  2.484 |   0.454  0.334 |   0.045  0.015 |       0      0
  2  3 |   2.744  2.489 |   0.670  0.345 |   0.046  0.016 |       0      0
  3  3 |   2.739  2.588 |   0.594  0.358 |   0.049  0.017 |       0      0
  4  3 |   2.668  2.690 |   0.571  0.404 |   0.061  0.021 |       0      0
  5  3 |   2.646  2.782 |   0.678  0.453 |   0.088  0.017 |       0      0
  6  3 |   2.576  2.799 |   0.587  0.483 |   0.121  0.027 |       0      0
 11  3 |   3.155  3.155 |   0.964  0.523 |   0.041  0.039 |       0      0
 12  3 |   3.041  3.035 |   0.922  0.532 |   0.040  0.039 |       0      0
 13  3 |   2.079  1.224 |   0.399  0.332 |   0.066  0.031 |       0      0
 14  3 |   1.885  1.214 |   0.380  0.375 |   0.041  0.025 |       0      0
 15  3 |   1.934  1.239 |   0.436  0.355 |   0.079  0.060 |       0      0
  1  4 |   2.316  2.188 |   0.470  0.424 |   0.055  0.016 |       0      0
  2  4 |   2.361  2.053 |   0.648  0.423 |   0.239  0.017 |       0      0
  3  4 |   2.366  2.195 |   0.474  0.434 |   0.238  0.017 |       0      0
  4  4 |   2.351  2.333 |   0.550  0.422 |   0.163  0.016 |       0      0
  5  4 |   2.325  2.535 |   0.562  0.456 |   0.080  0.026 |       0      0
  6  4 |   2.318  2.595 |   0.615  0.467 |   0.082  0.039 |       0      0
 11  4 |   2.832  2.818 |   0.854  0.527 |   0.066  0.035 |       0      0
 12  4 |   2.651  2.714 |   0.830  0.538 |   0.066  0.035 |       0      0
 13  4 |   2.135  1.694 |   0.531  0.447 |   0.159  0.020 |       0      0
 14  4 |   2.127  1.575 |   0.532  0.442 |   0.105  0.024 |       0      0
 15  4 |   1.973  1.365 |   0.494  0.432 |   0.089  0.079 |       0      0
  1  5 |   2.025  1.825 |   0.471  0.520 |   0.154  0.017 |       0      0
  2  5 |   2.052  1.878 |   0.487  0.539 |   0.206  0.015 |       0      0
  3  5 |   2.057  1.941 |   0.495  0.551 |   0.189  0.017 |       0      0
  4  5 |   2.061  2.010 |   0.507  0.564 |   0.143  0.020 |       0      0
  5  5 |   2.049  2.117 |   0.513  0.605 |   0.096  0.030 |       0      0
  6  5 |   2.032  2.178 |   0.527  0.565 |   0.079  0.023 |       0      0
 11  5 |   2.126  2.143 |   0.662  0.511 |   0.105  0.057 |       0      0
 12  5 |   2.077  2.075 |   0.640  0.508 |   0.067  0.087 |       0      0
 13  5 |   1.994  1.808 |   0.551  0.546 |   0.074  0.023 |       0      0
 14  5 |   1.958  1.557 |   0.579  0.511 |   0.027  0.092 |       0      0
 15  5 |   1.806  1.296 |   0.540  0.439 |   0.022  0.080 |       0      0
  1  6 |   1.928  1.879 |   0.536  0.554 |   0.122  0.016 |       0      0
  2  6 |   1.956  1.866 |   0.553  0.539 |   0.112  0.015 |       0      0
  3  6 |   1.968  1.963 |   0.564  0.549 |   0.084  0.020 |       0      0
  4  6 |   1.976  2.086 |   0.577  0.576 |   0.084  0.025 |       0      0
  5  6 |   1.975  2.167 |   0.579  0.580 |   0.091  0.041 |       0      0
  6  6 |   2.024  2.169 |   0.601  0.531 |   0.075  0.060 |       0      0
 11  6 |   1.967  1.820 |   0.579  0.488 |   0.123  0.149 |       0      0
 12  6 |   1.953  1.672 |   0.557  0.510 |   0.086  0.085 |       0      0
 13  6 |   1.954  1.933 |   0.612  0.575 |   0.065  0.024 |       0      0
 14  6 |   1.918  1.463 |   0.615  0.491 |   0.029  0.079 |       0      0
 15  6 |   1.658  1.267 |   0.529  0.413 |   0.023  0.062 |       0      0
  1  7 |   1.821  1.785 |   0.570  0.568 |   0.054  0.016 |       0      0
  2  7 |   1.832  1.816 |   0.588  0.574 |   0.050  0.016 |       0      0
  3  7 |   1.848  1.914 |   0.587  0.584 |   0.056  0.015 |       0      0
  4  7 |   1.862  2.013 |   0.579  0.592 |   0.066  0.021 |       0      0
  5  7 |   1.882  2.044 |   0.591  0.584 |   0.073  0.017 |       0      0
  6  7 |   1.880  1.679 |   0.613  0.516 |   0.021  0.133 |       0      0
 11  7 |   1.738  1.486 |   0.513  0.488 |   0.083  0.093 |       0      0
 12  7 |   1.734  1.464 |   0.508  0.496 |   0.071  0.061 |       0      0
 13  7 |   1.865  1.596 |   0.615  0.542 |   0.027  0.061 |       0      0
 14  7 |   1.847  1.408 |   0.622  0.485 |   0.019  0.054 |       0      0
 15  7 |   1.583  1.276 |   0.540  0.402 |   0.019  0.077 |       0      0
  1  8 |   1.750  1.842 |   0.593  0.692 |   0.051  0.015 |       0      0
  2  8 |   1.771  1.862 |   0.593  0.681 |   0.052  0.014 |       0      0
  3  8 |   1.801  1.927 |   0.599  0.679 |   0.069  0.017 |       0      0
  4  8 |   1.836  1.982 |   0.619  0.645 |   0.064  0.019 |       0      0
  5  8 |   1.820  1.791 |   0.619  0.568 |   0.021  0.049 |       0      0
  6  8 |   1.793  1.471 |   0.624  0.505 |   0.023  0.098 |       0      0
 11  8 |   1.495  1.388 |   0.488  0.486 |   0.048  0.032 |       0      0
 12  8 |   1.517  1.415 |   0.487  0.500 |   0.058  0.039 |       0      0
 13  8 |   1.882  1.503 |   0.663  0.520 |   0.020  0.062 |       0      0
 14  8 |   1.842  1.368 |   0.665  0.467 |   0.017  0.045 |       0      0
 15  8 |   1.494  1.254 |   0.546  0.412 |   0.016  0.047 |       0      0
  1  9 |   1.664  1.767 |   0.614  0.697 |   0.042  0.016 |       0      0
  2  9 |   1.692  1.795 |   0.613  0.686 |   0.044  0.015 |       0      0
  3  9 |   1.742  1.852 |   0.618  0.672 |   0.047  0.022 |       0      0
  4  9 |   1.781  1.916 |   0.630  0.626 |   0.045  0.047 |       0      0
  5  9 |   1.749  1.582 |   0.641  0.576 |   0.017  0.048 |       0      0
  6  9 |   1.678  1.429 |   0.634  0.497 |   0.017  0.072 |       0      0
 11  9 |   1.388  1.373 |   0.481  0.493 |   0.065  0.034 |       0      0
 12  9 |   1.436  1.407 |   0.482  0.489 |   0.090  0.030 |       0      0
 13  9 |   1.871  1.480 |   0.711  0.550 |   0.016  0.047 |       0      0
 14  9 |   1.872  1.376 |   0.716  0.480 |   0.017  0.043 |       0      0
 15  9 |   1.368  1.256 |   0.500  0.401 |   0.018  0.049 |       0      0
  1 10 |   1.624  1.732 |   0.629  0.709 |   0.044  0.014 |       0      0
  2 10 |   1.644  1.762 |   0.627  0.695 |   0.047  0.015 |       0      0
  3 10 |   1.709  1.814 |   0.633  0.678 |   0.058  0.017 |       0      0
  4 10 |   1.767  1.881 |   0.641  0.646 |   0.049  0.049 |       0      0
  5 10 |   1.709  1.633 |   0.654  0.577 |   0.017  0.043 |       0      0
  6 10 |   1.646  1.435 |   0.659  0.515 |   0.017  0.049 |       0      0
 11 10 |   1.283  1.352 |   0.480  0.486 |   0.044  0.034 |       0      0
 12 10 |   1.314  1.377 |   0.479  0.493 |   0.057  0.043 |       0      0
 13 10 |   1.838  1.499 |   0.705  0.536 |   0.016  0.042 |       0      0
 14 10 |   1.822  1.401 |   0.710  0.471 |   0.015  0.043 |       0      0
 15 10 |   1.404  1.270 |   0.547  0.400 |   0.016  0.055 |       0      0
  1 11 |   1.713  1.744 |   0.667  0.703 |   0.048  0.015 |       0      0
  2 11 |   1.707  1.752 |   0.660  0.702 |   0.052  0.016 |       0      0
  3 11 |   1.731  1.773 |   0.665  0.696 |   0.053  0.017 |       0      0
  4 11 |   1.744  1.789 |   0.663  0.672 |   0.054  0.025 |       0      0
  5 11 |   1.718  1.807 |   0.668  0.640 |   0.016  0.043 |       0      0
  6 11 |   1.716  1.661 |   0.676  0.598 |   0.017  0.040 |       0      0
 11 11 |   1.274  1.308 |   0.481  0.483 |   0.049  0.031 |       0      0
 12 11 |   1.272  1.318 |   0.480  0.481 |   0.043  0.028 |       0      0
 13 11 |   1.933  1.902 |   0.722  0.627 |   0.014  0.048 |       0      0
 14 11 |   1.919  1.649 |   0.732  0.586 |   0.016  0.043 |       0      0
 15 11 |   1.676  1.406 |   0.659  0.476 |   0.018  0.041 |       0      0

per row y: mean (max) of emitB emitN brecB brecN, mean recB recN
y= 2 n=11  2.388( 2.970)  2.235( 2.963)  0.548( 0.899)  0.467( 0.535)  rec      0      0
y= 3 n=11  2.563( 3.155)  2.336( 3.155)  0.605( 0.964)  0.408( 0.532)  rec      0      0
y= 4 n=11  2.341( 2.832)  2.188( 2.818)  0.596( 0.854)  0.456( 0.538)  rec      0      0
y= 5 n=11  2.021( 2.126)  1.893( 2.178)  0.543( 0.662)  0.533( 0.605)  rec      0      0
y= 6 n=11  1.934( 2.024)  1.844( 2.169)  0.573( 0.615)  0.528( 0.580)  rec      0      0
y= 7 n=11  1.808( 1.882)  1.680( 2.044)  0.575( 0.622)  0.530( 0.592)  rec      0      0
y= 8 n=11  1.727( 1.882)  1.618( 1.982)  0.590( 0.665)  0.560( 0.692)  rec      0      0
y= 9 n=11  1.658( 1.872)  1.567( 1.916)  0.603( 0.716)  0.561( 0.697)  rec      0      0
y=10 n=11  1.614( 1.838)  1.560( 1.881)  0.615( 0.710)  0.564( 0.709)  rec      0      0
y=11 n=11  1.673( 1.933)  1.646( 1.902)  0.643( 0.732)  0.606( 0.703)  rec      0      0

emit window (first start -> last end) mean over 31 launches: 3.124 ms
  last to end: (11, 3, 'NCRISC') 25x
  last to end: (11, 3, 'BRISC') 4x
  last to end: (14, 10, 'BRISC') 1x
  last to end: (14, 9, 'BRISC') 1x
