N 6131954, tiles 5989, K 1.5, pad 5.0 px
pfwc cores 120 (core: per-core Morton order inside the SeqMap deal)
view     vis   | ply: cull  empty lost | morton: tcull gcull empty lost | core: tcull gcull empty lost | build_ms
hero     0.307 | 0.000 0.000    0 | 0.382 0.382 0.621    0 | 0.028 0.028 0.450    0 | 6.17
orb_00   0.214 | 0.000 0.000    0 | 0.413 0.413 0.712    0 | 0.030 0.030 0.503    0 | 4.05
orb_01   0.222 | 0.000 0.000    0 | 0.404 0.404 0.699    0 | 0.029 0.029 0.492    0 | 15.47
orb_02   0.234 | 0.000 0.000    0 | 0.398 0.398 0.686    0 | 0.028 0.028 0.481    0 | 8.46
orb_03   0.247 | 0.000 0.000    0 | 0.386 0.386 0.669    0 | 0.025 0.025 0.479    0 | 4.93
orb_04   0.264 | 0.000 0.000    0 | 0.371 0.371 0.650    0 | 0.023 0.023 0.474    0 | 5.37
orb_05   0.284 | 0.000 0.000    0 | 0.365 0.365 0.634    0 | 0.023 0.023 0.464    0 | 3.46
orb_06   0.305 | 0.000 0.000    0 | 0.361 0.361 0.617    0 | 0.023 0.023 0.445    0 | 10.32
orb_07   0.325 | 0.000 0.000    0 | 0.355 0.356 0.600    0 | 0.023 0.023 0.401    0 | 7.76
orb_08   0.337 | 0.000 0.000    0 | 0.350 0.351 0.590    0 | 0.023 0.023 0.387    0 | 7.92
orb_09   0.342 | 0.000 0.000    0 | 0.354 0.354 0.584    0 | 0.024 0.024 0.359    0 | 5.76
orb_10   0.338 | 0.000 0.000    0 | 0.360 0.360 0.585    0 | 0.025 0.025 0.355    0 | 15.79
orb_11   0.329 | 0.000 0.000    0 | 0.364 0.364 0.591    0 | 0.028 0.028 0.358    0 | 10.14
orb_12   0.318 | 0.000 0.000    0 | 0.377 0.377 0.602    0 | 0.044 0.044 0.361    0 | 3.48
orb_13   0.306 | 0.000 0.000    0 | 0.390 0.390 0.614    0 | 0.072 0.072 0.369    0 | 8.59
orb_14   0.297 | 0.000 0.000    0 | 0.398 0.398 0.624    0 | 0.094 0.094 0.388    0 | 7.30
orb_15   0.291 | 0.000 0.000    0 | 0.406 0.406 0.632    0 | 0.109 0.109 0.394    0 | 11.52
orb_16   0.287 | 0.000 0.000    0 | 0.414 0.414 0.635    0 | 0.121 0.121 0.399    0 | 6.13
orb_17   0.288 | 0.000 0.000    0 | 0.417 0.417 0.638    0 | 0.124 0.124 0.416    0 | 9.98
orb_18   0.289 | 0.000 0.000    0 | 0.416 0.416 0.642    0 | 0.119 0.119 0.420    0 | 8.63
orb_19   0.288 | 0.000 0.000    0 | 0.408 0.408 0.645    0 | 0.111 0.111 0.439    0 | 5.14
orb_20   0.287 | 0.000 0.000    0 | 0.401 0.401 0.652    0 | 0.101 0.101 0.450    0 | 7.09
orb_21   0.282 | 0.000 0.000    0 | 0.404 0.404 0.660    0 | 0.089 0.090 0.462    0 | 20.94
orb_22   0.273 | 0.000 0.000    0 | 0.404 0.404 0.669    0 | 0.078 0.078 0.493    0 | 8.98
orb_23   0.260 | 0.000 0.000    0 | 0.409 0.409 0.681    0 | 0.061 0.061 0.498    0 | 30.58
orb_24   0.241 | 0.000 0.000    0 | 0.417 0.417 0.696    0 | 0.046 0.046 0.506    0 | 16.85
orb_25   0.225 | 0.000 0.000    0 | 0.423 0.423 0.710    0 | 0.031 0.031 0.521    0 | 13.74
orb_26   0.214 | 0.000 0.000    0 | 0.424 0.424 0.722    0 | 0.028 0.028 0.527    0 | 19.05
orb_27   0.208 | 0.000 0.000    0 | 0.423 0.423 0.724    0 | 0.029 0.029 0.523    0 | 18.48
orb_28   0.209 | 0.000 0.000    0 | 0.422 0.422 0.719    0 | 0.030 0.030 0.520    0 | 6.81
MIN      0.208 | 0.000 0.000    0 | 0.350 0.351 0.584    0 | 0.023 0.023 0.355    0 | 3.46
MEDIAN   0.287 | 0.000 0.000    0 | 0.402 0.402 0.644    0 | 0.030 0.030 0.450    0 | 8.52
MAX      0.342 | 0.000 0.000    0 | 0.424 0.424 0.724    0 | 0.124 0.124 0.527    0 | 30.58
lost total: ply 0, morton 0, core 0
