  x  y |   emitB  emitN |   brecB  brecN |   procB  procN |    recB   recN
  1  2 |   0.924  1.173 |   0.346  0.509 |   0.043  0.018 |       0      0
  2  2 |   0.901  1.151 |   0.326  0.506 |   0.043  0.017 |       0      0
  3  2 |   0.892  1.158 |   0.338  0.498 |   0.042  0.018 |       0      0
  4  2 |   0.932  1.165 |   0.356  0.490 |   0.042  0.019 |       0      0
  5  2 |   0.980  1.174 |   0.375  0.489 |   0.042  0.017 |       0      0
  6  2 |   0.998  1.208 |   0.376  0.514 |   0.042  0.018 |       0      0
 11  2 |   1.255  1.241 |   0.466  0.488 |   0.043  0.040 |       0      0
 12  2 |   1.259  1.245 |   0.474  0.487 |   0.042  0.039 |       0      0
 13  2 |   1.025  1.268 |   0.391  0.528 |   0.043  0.018 |       0      0
 14  2 |   0.994  1.207 |   0.380  0.502 |   0.042  0.018 |       0      0
 15  2 |   1.010  1.207 |   0.389  0.494 |   0.042  0.018 |       0      0
  1  3 |   1.122  1.227 |   0.434  0.499 |   0.042  0.018 |       0      0
  2  3 |   1.069  1.215 |   0.407  0.509 |   0.043  0.018 |       0      0
  3  3 |   1.044  1.223 |   0.396  0.513 |   0.043  0.018 |       0      0
  4  3 |   1.046  1.230 |   0.397  0.510 |   0.043  0.018 |       0      0
  5  3 |   1.040  1.225 |   0.401  0.508 |   0.043  0.018 |       0      0
  6  3 |   1.055  1.229 |   0.406  0.507 |   0.043  0.018 |       0      0
 11  3 |   1.267  1.248 |   0.482  0.482 |   0.042  0.039 |       0      0
 12  3 |   1.267  1.257 |   0.482  0.482 |   0.042  0.039 |       0      0
 13  3 |   1.118  1.283 |   0.431  0.516 |   0.042  0.017 |       0      0
 14  3 |   1.112  1.291 |   0.421  0.519 |   0.042  0.018 |       0      0
 15  3 |   1.132  1.267 |   0.435  0.493 |   0.042  0.018 |       0      0
  1  4 |   1.301  1.263 |   0.483  0.501 |   0.043  0.020 |       0      0
  2  4 |   1.296  1.256 |   0.478  0.503 |   0.043  0.019 |       0      0
  3  4 |   1.278  1.254 |   0.474  0.506 |   0.043  0.019 |       0      0
  4  4 |   1.302  1.272 |   0.485  0.511 |   0.044  0.019 |       0      0
  5  4 |   1.266  1.233 |   0.471  0.490 |   0.042  0.020 |       0      0
  6  4 |   1.274  1.245 |   0.475  0.493 |   0.043  0.023 |       0      0
 11  4 |   1.298  1.253 |   0.488  0.489 |   0.042  0.040 |       0      0
 12  4 |   1.290  1.264 |   0.487  0.488 |   0.043  0.040 |       0      0
 13  4 |   1.271  1.284 |   0.481  0.496 |   0.042  0.023 |       0      0
 14  4 |   1.270  1.296 |   0.482  0.496 |   0.042  0.027 |       0      0
 15  4 |   1.252  1.287 |   0.479  0.486 |   0.043  0.035 |       0      0
  1  5 |   1.318  1.302 |   0.502  0.508 |   0.049  0.034 |       0      0
  2  5 |   1.317  1.300 |   0.493  0.505 |   0.049  0.031 |       0      0
  3  5 |   1.316  1.295 |   0.497  0.504 |   0.045  0.029 |       0      0
  4  5 |   1.313  1.293 |   0.495  0.502 |   0.046  0.030 |       0      0
  5  5 |   1.309  1.286 |   0.499  0.500 |   0.045  0.034 |       0      0
  6  5 |   1.305  1.290 |   0.502  0.498 |   0.045  0.037 |       0      0
 11  5 |   1.304  1.284 |   0.500  0.488 |   0.044  0.042 |       0      0
 12  5 |   1.297  1.292 |   0.494  0.489 |   0.043  0.041 |       0      0
 13  5 |   1.303  1.309 |   0.504  0.496 |   0.047  0.042 |       0      0
 14  5 |   1.294  1.315 |   0.502  0.491 |   0.044  0.045 |       0      0
 15  5 |   1.272  1.303 |   0.501  0.481 |   0.031  0.044 |       0      0
  1  6 |   1.303  1.278 |   0.500  0.506 |   0.043  0.033 |       0      0
  2  6 |   1.301  1.280 |   0.500  0.511 |   0.043  0.028 |       0      0
  3  6 |   1.303  1.283 |   0.499  0.506 |   0.043  0.029 |       0      0
  4  6 |   1.300  1.279 |   0.500  0.505 |   0.043  0.031 |       0      0
  5  6 |   1.300  1.280 |   0.500  0.501 |   0.043  0.039 |       0      0
  6  6 |   1.292  1.278 |   0.502  0.497 |   0.039  0.043 |       0      0
 11  6 |   1.263  1.251 |   0.485  0.487 |   0.042  0.039 |       0      0
 12  6 |   1.259  1.271 |   0.485  0.485 |   0.042  0.039 |       0      0
 13  6 |   1.294  1.313 |   0.505  0.498 |   0.037  0.043 |       0      0
 14  6 |   1.278  1.314 |   0.503  0.492 |   0.032  0.042 |       0      0
 15  6 |   1.271  1.303 |   0.504  0.484 |   0.021  0.043 |       0      0
  1  7 |   1.299  1.291 |   0.505  0.508 |   0.043  0.037 |       0      0
  2  7 |   1.296  1.284 |   0.504  0.508 |   0.043  0.036 |       0      0
  3  7 |   1.294  1.285 |   0.503  0.506 |   0.042  0.036 |       0      0
  4  7 |   1.288  1.278 |   0.502  0.501 |   0.043  0.039 |       0      0
  5  7 |   1.284  1.275 |   0.503  0.500 |   0.042  0.042 |       0      0
  6  7 |   1.280  1.279 |   0.505  0.497 |   0.037  0.043 |       0      0
 11  7 |   1.248  1.253 |   0.489  0.489 |   0.043  0.040 |       0      0
 12  7 |   1.252  1.281 |   0.489  0.489 |   0.043  0.040 |       0      0
 13  7 |   1.282  1.316 |   0.503  0.498 |   0.039  0.043 |       0      0
 14  7 |   1.291  1.324 |   0.503  0.494 |   0.044  0.033 |       0      0
 15  7 |   1.286  1.318 |   0.505  0.487 |   0.042  0.040 |       0      0
  1  8 |   1.304  1.299 |   0.513  0.511 |   0.042  0.041 |       0      0
  2  8 |   1.300  1.289 |   0.511  0.507 |   0.039  0.042 |       0      0
  3  8 |   1.307  1.295 |   0.510  0.506 |   0.041  0.042 |       0      0
  4  8 |   1.314  1.298 |   0.509  0.506 |   0.041  0.041 |       0      0
  5  8 |   1.310  1.296 |   0.510  0.502 |   0.040  0.039 |       0      0
  6  8 |   1.296  1.287 |   0.511  0.496 |   0.039  0.040 |       0      0
 11  8 |   1.259  1.259 |   0.488  0.490 |   0.043  0.028 |       0      0
 12  8 |   1.267  1.295 |   0.490  0.491 |   0.044  0.027 |       0      0
 13  8 |   1.310  1.331 |   0.511  0.498 |   0.042  0.038 |       0      0
 14  8 |   1.297  1.331 |   0.507  0.493 |   0.042  0.041 |       0      0
 15  8 |   1.298  1.328 |   0.509  0.489 |   0.041  0.043 |       0      0
  1  9 |   1.291  1.287 |   0.508  0.508 |   0.042  0.041 |       0      0
  2  9 |   1.302  1.302 |   0.510  0.512 |   0.042  0.038 |       0      0
  3  9 |   1.304  1.300 |   0.508  0.508 |   0.043  0.038 |       0      0
  4  9 |   1.301  1.293 |   0.510  0.506 |   0.042  0.037 |       0      0
  5  9 |   1.304  1.292 |   0.511  0.504 |   0.042  0.036 |       0      0
  6  9 |   1.306  1.300 |   0.510  0.501 |   0.041  0.036 |       0      0
 11  9 |   1.258  1.258 |   0.487  0.490 |   0.043  0.028 |       0      0
 12  9 |   1.251  1.270 |   0.487  0.489 |   0.043  0.026 |       0      0
 13  9 |   1.308  1.334 |   0.511  0.501 |   0.045  0.040 |       0      0
 14  9 |   1.316  1.338 |   0.510  0.497 |   0.050  0.049 |       0      0
 15  9 |   1.314  1.338 |   0.513  0.493 |   0.050  0.055 |       0      0
  1 10 |   1.289  1.281 |   0.507  0.507 |   0.042  0.042 |       0      0
  2 10 |   1.290  1.287 |   0.509  0.508 |   0.042  0.040 |       0      0
  3 10 |   1.293  1.288 |   0.508  0.505 |   0.042  0.040 |       0      0
  4 10 |   1.291  1.279 |   0.510  0.502 |   0.040  0.041 |       0      0
  5 10 |   1.297  1.278 |   0.513  0.498 |   0.037  0.041 |       0      0
  6 10 |   1.299  1.277 |   0.513  0.495 |   0.035  0.042 |       0      0
 11 10 |   1.253  1.247 |   0.488  0.490 |   0.042  0.028 |       0      0
 12 10 |   1.251  1.265 |   0.485  0.491 |   0.043  0.027 |       0      0
 13 10 |   1.311  1.327 |   0.512  0.500 |   0.042  0.039 |       0      0
 14 10 |   1.303  1.330 |   0.511  0.493 |   0.044  0.041 |       0      0
 15 10 |   1.312  1.332 |   0.514  0.489 |   0.038  0.045 |       0      0
  1 11 |   1.293  1.297 |   0.510  0.510 |   0.043  0.037 |       0      0
  2 11 |   1.297  1.302 |   0.511  0.512 |   0.043  0.033 |       0      0
  3 11 |   1.290  1.295 |   0.509  0.510 |   0.043  0.035 |       0      0
  4 11 |   1.293  1.294 |   0.508  0.510 |   0.043  0.034 |       0      0
  5 11 |   1.307  1.298 |   0.508  0.507 |   0.042  0.037 |       0      0
  6 11 |   1.292  1.280 |   0.508  0.500 |   0.039  0.041 |       0      0
 11 11 |   1.251  1.248 |   0.488  0.490 |   0.042  0.031 |       0      0
 12 11 |   1.252  1.253 |   0.487  0.493 |   0.043  0.031 |       0      0
 13 11 |   1.305  1.308 |   0.513  0.504 |   0.043  0.034 |       0      0
 14 11 |   1.306  1.312 |   0.514  0.496 |   0.041  0.038 |       0      0
 15 11 |   1.306  1.311 |   0.516  0.486 |   0.032  0.042 |       0      0

per row y: mean (max) of emitB emitN brecB brecN, mean recB recN
y= 2 n=11  1.016( 1.259)  1.200( 1.268)  0.383( 0.474)  0.500( 0.528)  rec      0      0
y= 3 n=11  1.116( 1.267)  1.245( 1.291)  0.427( 0.482)  0.503( 0.519)  rec      0      0
y= 4 n=11  1.282( 1.302)  1.264( 1.296)  0.480( 0.488)  0.496( 0.511)  rec      0      0
y= 5 n=11  1.304( 1.318)  1.297( 1.315)  0.499( 0.504)  0.497( 0.508)  rec      0      0
y= 6 n=11  1.288( 1.303)  1.284( 1.314)  0.499( 0.505)  0.497( 0.511)  rec      0      0
y= 7 n=11  1.282( 1.299)  1.289( 1.324)  0.501( 0.505)  0.498( 0.508)  rec      0      0
y= 8 n=11  1.297( 1.314)  1.301( 1.331)  0.506( 0.513)  0.499( 0.511)  rec      0      0
y= 9 n=11  1.296( 1.316)  1.301( 1.338)  0.506( 0.513)  0.501( 0.512)  rec      0      0
y=10 n=11  1.290( 1.312)  1.290( 1.332)  0.506( 0.514)  0.498( 0.508)  rec      0      0
y=11 n=11  1.290( 1.307)  1.291( 1.312)  0.507( 0.516)  0.502( 0.512)  rec      0      0

emit window (first start -> last end) mean over 31 launches: 1.344 ms
  last to end: (14, 9, 'NCRISC') 8x
  last to end: (15, 9, 'NCRISC') 4x
  last to end: (2, 5, 'NCRISC') 4x
  last to end: (14, 10, 'NCRISC') 3x
  last to end: (14, 8, 'NCRISC') 2x
  last to end: (13, 9, 'NCRISC') 2x
  last to end: (15, 9, 'BRISC') 2x
  last to end: (4, 5, 'BRISC') 1x
