# t439 pfwc tile weights (us): 46.1891 + 0.049883 * visible, view hero, 5989 tiles
80.6585
81.1574
83.1527
86.7443
91.8324
94.7257
83.1527
76.9173
86.3951
86.5448
85.0982
81.7560
90.3359
90.4357
89.1886
87.3429
80.3592
75.5704
77.9648
76.3686
75.0217
88.6399
89.4380
81.5066
90.9844
88.0413
86.4450
65.4940
86.5448
91.4833
88.1411
83.9010
63.6483
58.3607
82.2049
90.8348
87.5425
75.8199
70.1331
58.4604
56.7644
59.6576
91.3835
89.0888
85.0982
73.8744
69.4847
62.7005
59.0091
54.2702
56.1658
53.5220
75.1714
91.3835
88.8893
79.8604
69.6343
58.0614
74.8721
56.1658
54.2702
55.5173
52.4744
55.3676
51.9756
51.6763
91.3835
90.2861
85.9961
77.4660
64.2968
58.7597
54.4199
69.9336
57.2133
52.3746
52.4744
56.2655
50.9779
51.5765
56.1658
51.3770
52.9732
91.3336
90.7350
86.3951
77.4161
64.4464
62.3014
58.6600
55.5672
60.9047
60.6054
53.6217
53.1728
53.4222
56.3154
54.1704
51.5765
53.7714
55.1182
52.4245
52.3746
80.9578
90.7350
88.2907
80.6087
72.0786
62.6506
62.1019
60.2562
54.3201
54.8189
51.9756
67.3397
54.7192
50.9280
52.8735
53.1229
54.5196
51.0777
51.9756
51.4767
54.3700
51.0278
51.4269
74.5728
91.7826
89.0888
81.8557
73.0264
66.4418
61.6530
57.6124
58.0115
53.0231
56.3154
53.3723
61.7527
59.2087
53.7215
52.1252
53.2227
52.4245
54.7690
51.5266
50.9779
51.4767
55.0185
52.1751
50.6786
57.4628
91.9322
90.5355
88.4404
79.4613
67.5392
65.1448
63.9476
58.6101
56.1658
59.5579
53.8711
56.1159
52.5742
52.4245
67.8884
54.8189
53.4222
52.4245
51.3271
51.8758
54.0707
50.9280
51.7262
53.0730
52.2250
51.5765
51.1276
68.6366
91.2338
89.4380
86.3453
71.8791
65.0450
63.9476
63.2991
61.0544
53.3224
61.3038
56.6646
54.6194
52.9732
53.9709
51.5266
61.8525
55.2180
52.4744
52.1751
51.4269
50.8781
50.9280
54.4697
51.6763
50.1798
51.2273
54.2203
51.2772
50.2795
59.1089
92.0320
90.9345
89.2884
77.1667
68.1877
66.6912
62.2516
62.3513
61.8525
54.1704
59.0590
56.8641
52.9732
53.9709
50.9779
50.0800
62.0520
62.6007
55.8166
52.6739
50.2795
50.8781
51.3271
52.6241
52.3248
50.8283
50.9280
55.0683
50.0301
51.8259
66.8907
91.2837
89.3383
81.9555
73.7746
66.4418
63.7481
60.7551
55.1182
62.7504
59.3084
53.6217
56.1658
52.0753
55.9662
51.2772
54.5695
51.3770
57.1634
58.5602
53.1229
51.7760
50.1798
51.2273
51.1774
53.9210
51.4767
50.7285
54.0707
51.8259
51.3770
66.2921
91.4334
89.8371
87.7420
73.5252
71.6296
68.7364
61.6031
61.1042
63.8478
62.6007
55.5672
58.5602
56.1658
54.1206
56.7145
52.0753
54.1206
50.6287
50.9779
61.5532
54.6693
52.2250
50.8283
50.2795
51.5765
52.7737
55.0683
50.8781
51.7262
54.0208
51.8758
51.0278
59.4082
91.6828
91.0343
87.8916
80.5588
67.9882
67.5891
65.6935
65.0949
64.1970
60.2562
57.9616
59.6077
59.3583
55.0683
58.8096
53.5220
56.4651
51.2772
52.5243
51.7760
58.2609
58.3108
52.0255
50.9779
49.5812
50.8781
51.4269
52.6739
52.4744
50.6287
52.6739
53.7714
49.9304
51.6264
85.9462
91.9821
87.0935
80.0101
71.5299
69.8837
64.5961
62.2017
58.7597
63.7979
61.2539
58.8595
54.7192
59.3084
56.3653
52.7737
53.8711
51.8758
52.4744
50.5788
53.0231
64.0474
54.4697
51.0777
50.8283
52.1252
52.7238
55.0683
51.9756
52.0753
55.9164
51.9756
51.5765
77.4660
91.7826
88.1411
82.3047
69.4847
72.3280
64.8455
62.8502
60.5056
63.1993
62.6007
57.6623
56.8143
59.6077
57.2133
53.9709
55.0683
52.8236
54.2203
53.9210
51.9257
51.9756
63.1495
54.1206
51.4269
50.1798
49.4315
52.2749
54.0208
51.6264
51.5266
54.3201
52.1751
51.7262
74.5728
91.8324
88.3406
83.1028
74.7723
66.6413
66.8907
65.3443
63.5485
59.8572
60.3560
62.2516
59.6077
54.9686
60.8049
56.4651
54.2702
56.0161
55.0185
54.2203
54.9686
52.4245
53.0730
51.0278
60.1565
58.6600
53.2725
52.6241
49.7308
51.6264
53.3224
54.2702
50.6786
53.2725
53.0730
51.3271
84.4497
92.2315
88.8394
83.5518
68.9858
73.2259
65.5439
62.6007
60.4059
65.7933
63.4986
60.8548
56.9639
58.3607
59.9569
55.8665
53.6716
57.0637
57.1136
53.0730
53.8711
54.0707
50.2297
50.4292
61.9024
54.6194
51.9756
51.7760
50.2795
49.1821
52.1751
52.5742
51.7760
50.1798
53.6716
51.1276
51.2772
88.7895
90.5355
87.9914
77.8152
70.8814
66.2422
64.5961
64.8954
65.8432
63.2492
60.2562
58.6101
59.2087
60.4059
57.9117
58.6600
56.0660
56.7145
56.9140
55.6171
51.7262
53.2725
50.5788
61.7527
54.5196
53.8213
51.4767
50.0800
50.8283
50.9779
55.3676
50.3793
53.9210
52.2749
52.4245
92.5807
91.1840
89.2884
77.6157
73.1261
67.8385
64.1970
65.1448
64.6958
63.1495
62.4511
61.2040
56.0660
61.1541
59.0091
57.6124
56.8641
58.0115
56.8641
55.8665
55.0683
52.1252
53.0730
49.5812
61.0544
56.1658
55.5672
50.8781
50.1299
51.7262
53.5220
53.9210
52.1252
54.8688
51.4767
85.8464
91.5331
88.0413
76.2688
74.1238
67.4893
65.8931
65.5938
64.2968
63.4488
63.3989
62.7504
60.8049
59.7075
59.0590
59.0590
57.3131
57.9616
57.7122
56.6646
54.3201
51.5765
50.3294
50.7285
61.8525
52.9732
52.8236
50.3294
50.4292
51.0278
53.6217
50.1798
52.8236
53.2227
50.3294
85.6968
89.6376
89.0888
77.9648
70.7317
67.6390
63.5485
66.2422
64.9453
62.4012
62.2516
57.4129
62.2017
61.8026
57.8119
56.5150
58.7597
59.7574
57.7122
57.6623
55.8665
54.8189
54.7690
54.0208
52.5742
51.0777
53.4222
61.8525
53.4721
51.1276
50.0301
51.3271
53.7714
52.3248
53.8711
53.2725
63.7979
90.5854
89.7872
85.2478
73.7248
70.8814
69.3849
66.0926
65.5938
61.6031
62.5509
58.3108
63.2492
64.1471
61.4534
61.4035
62.3014
59.0091
57.9117
57.8119
59.1588
58.7098
55.8166
54.6194
52.4744
50.3793
50.4292
63.2492
53.6217
52.2250
51.2273
49.5313
51.6264
54.1206
52.4744
55.0683
52.6241
88.4902
81.5066
70.3327
70.4823
69.4847
66.7910
61.7028
54.0208
52.7238
53.5220
69.3849
93.4287
91.0842
83.4021
77.0669
69.1355
66.0427
66.8408
64.2968
66.2921
64.0972
63.4488
60.6054
64.1471
61.6031
59.3084
62.6007
62.3513
61.5033
62.9000
57.0637
59.3583
59.5080
59.5080
56.0161
54.5695
52.7238
60.3061
54.6693
54.8189
51.7760
51.6763
50.3793
50.4791
48.3341
50.7285
54.7690
52.2749
51.1774
50.1299
50.7285
48.6833
55.8665
92.8301
92.0320
88.6399
79.2618
76.7676
68.9359
68.3872
67.5392
65.1448
66.3420
65.4441
64.9453
61.6530
62.0021
62.2017
62.1518
61.9523
62.7005
61.5532
60.5056
60.1066
61.1541
59.8572
58.7098
56.4152
59.5579
55.8166
58.2609
59.9070
56.6147
55.9662
53.2227
50.5290
50.9280
54.0208
52.6241
52.2250
50.6287
50.6287
52.3248
54.0208
52.0255
50.6287
50.9779
51.1276
51.7262
62.8502
92.4310
89.9369
85.6968
77.1667
73.5252
68.3373
66.4917
65.2944
64.7457
63.4986
60.6054
56.3653
63.3490
62.2017
62.8502
61.6530
58.4604
58.8595
62.1019
62.3513
58.4105
55.5672
60.3061
60.4558
57.9616
56.5648
56.8641
53.5220
50.8781
56.0660
52.5742
52.6739
51.5266
50.7285
50.5788
50.3793
53.8711
50.7784
50.7285
49.3816
49.5313
52.0255
51.7760
50.3294
49.9304
50.3793
51.3770
92.5308
90.8847
87.3928
79.3616
76.1690
69.8338
67.2898
66.3420
64.4963
66.4917
64.2469
64.5462
63.3989
62.4511
60.4558
62.4511
61.6031
63.5485
61.6031
60.6553
59.0091
62.0520
60.3061
58.2609
57.0637
60.2063
57.2632
58.6101
53.4721
52.2250
52.0255
55.2180
54.8189
51.9257
52.1252
49.6809
50.4292
50.0800
52.5742
51.4767
51.1276
50.3793
50.9280
53.8711
52.2250
50.1798
50.3793
51.0278
66.7910
92.0819
89.7373
82.8534
76.7676
73.5751
67.9383
66.0926
63.7979
63.9975
63.4488
62.2017
60.2063
58.9593
64.4464
64.9951
61.6530
61.5532
60.3061
58.2609
62.8502
60.2063
58.9593
56.3653
60.6054
60.3061
57.5126
59.0091
53.8711
54.1704
52.0255
51.3271
50.2297
58.1112
53.0730
51.8259
53.5718
49.2320
49.8805
49.9802
52.9732
51.4269
50.9779
50.6786
50.1798
52.3248
52.4245
50.9280
50.0800
49.9304
74.4231
92.4310
90.4357
85.2478
77.2665
76.9173
70.7816
67.5891
66.1425
66.9406
65.4940
64.8954
61.5033
63.5485
60.2562
65.4940
63.1993
64.4464
62.4012
63.1993
59.2586
62.5010
62.4012
62.6506
58.3108
59.6077
61.1541
60.9546
55.5672
55.5173
53.7215
51.3770
50.9280
50.1798
55.4175
53.6217
52.6241
52.5243
50.3294
49.6311
51.2273
54.1206
53.9709
52.1252
51.0278
52.5243
54.7690
53.1229
51.1276
51.0777
80.6585
91.6329
90.4357
82.7038
77.4161
70.3327
69.8338
69.7840
68.0879
65.9928
63.5984
64.4963
63.3490
62.9499
65.0949
63.5485
64.8455
64.0972
64.6460
61.5033
59.7075
63.3490
63.2492
62.2017
60.5555
62.2516
57.3630
57.4628
54.9686
53.3723
53.3723
52.2749
50.3294
57.2133
54.5695
54.1704
53.2227
50.3793
50.8781
50.4292
54.1206
52.4744
51.7760
50.9779
54.4199
52.5243
52.1252
51.5266
91.1840
91.5331
87.7420
77.1168
73.6250
68.4371
71.0809
66.4418
64.4464
64.5462
60.2562
58.8096
62.0021
62.9499
64.2469
62.0021
61.5033
60.3061
59.4082
64.2469
60.3560
59.7574
56.6646
61.5532
60.9546
60.3061
60.7551
55.8166
57.6124
55.6171
53.4721
52.7238
51.8758
51.0777
50.1299
55.5672
52.7737
52.7238
52.0753
49.7807
49.0325
50.4791
51.8259
51.2273
49.6311
50.9280
51.9756
49.8805
49.3816
54.5196
93.0795
91.2837
89.2385
78.6632
76.3686
72.2781
72.6772
66.4418
66.1425
66.6413
64.2968
64.4963
66.2422
67.0903
64.5961
63.8478
63.4488
61.9024
64.1970
64.3467
64.7956
64.5462
61.9024
60.0068
67.2399
61.0544
60.2562
57.6124
55.0185
56.3653
54.7192
53.8711
51.4269
49.3318
49.2320
55.1182
52.3746
51.0777
50.6786
48.7830
49.3816
50.7285
53.0730
51.8758
50.6786
51.6264
52.3746
52.1751
50.6287
72.9266
91.1840
89.6376
79.7606
77.1168
68.0879
69.7840
65.3443
64.7457
63.7979
61.6530
62.0520
62.4511
63.7979
61.7028
62.2516
61.7527
62.8502
59.3583
59.9569
61.1541
62.8502
60.8548
61.2539
62.4511
57.5126
55.8665
55.5672
57.9616
54.9686
54.2702
53.0730
50.8781
50.8283
49.5812
61.4035
56.3154
54.9686
52.8236
49.2819
50.9779
54.2702
52.6739
50.2297
53.3723
53.3723
51.8758
51.0777
91.2837
91.2837
87.3928
79.7108
74.8222
72.1784
67.3896
68.1877
69.6842
65.5439
64.1970
65.5938
65.7933
63.3989
62.6007
62.3513
64.1970
65.9429
62.9499
64.2968
63.5984
62.3014
59.9569
65.6436
63.3989
61.5033
58.3607
57.9117
55.8665
56.5648
55.8166
54.8189
53.2725
51.6264
50.4791
49.6311
57.3131
53.9709
50.6786
50.6287
49.3816
51.9257
53.0231
50.2795
50.1798
54.0208
51.2772
50.0800
81.2571
90.8348
87.4427
80.3592
73.0763
71.6795
65.2944
67.1900
68.0879
65.7933
63.0996
65.2446
64.5961
63.3989
64.2968
62.5509
64.8455
61.4035
63.6982
61.6530
60.3560
64.1471
66.7411
62.5509
61.0544
59.3583
58.6600
56.7644
56.6147
56.1159
54.6194
53.9709
51.5266
49.7807
57.0138
53.7714
52.4245
51.3271
49.5812
49.2320
52.3248
51.7262
49.6311
52.0255
50.8781
49.4814
67.4893
92.0320
90.7350
85.8464
79.9103
74.5229
74.2236
67.7387
66.1425
67.6889
66.6413
65.7933
64.6958
66.1924
66.5914
64.1471
63.7979
64.6958
61.2539
62.8003
64.1471
65.0450
62.9499
61.6530
60.9546
65.7933
65.0949
60.0068
58.6600
55.7667
60.4059
57.4628
58.6600
56.7145
55.5173
55.7168
53.5220
51.6763
50.1299
50.4791
58.6600
54.4697
53.7714
52.7238
49.8805
50.9779
53.3723
52.8735
50.7784
53.4222
52.3746
50.6287
55.4674
92.9798
91.5830
85.1481
78.9126
75.1215
75.0716
67.9882
66.0926
65.5938
66.7411
67.1900
66.8907
66.6912
65.1947
65.6935
65.0450
63.5485
64.2968
64.4464
63.7481
63.4986
66.1425
62.9000
60.8049
60.3560
61.6530
58.3607
58.9593
57.3630
57.5126
58.7098
53.9210
51.4269
49.3816
49.9802
59.0590
53.0231
52.7737
50.5788
49.0823
51.6763
52.9234
49.4814
51.3770
52.1751
49.4814
75.3709
92.2315
88.7895
81.7560
73.4254
67.6889
70.3327
64.2968
64.1471
63.4488
66.8408
65.1947
63.7481
62.9499
63.3989
64.0474
61.4534
62.3513
60.8548
65.2944
63.6982
64.5462
64.3467
60.6054
59.5080
59.3583
58.1611
58.2110
58.3607
57.3630
58.7597
55.7168
54.4697
53.0231
50.7285
49.3318
55.6171
52.3746
51.6763
50.4292
48.9327
51.7262
51.4269
49.8306
52.2749
51.2772
49.6809
85.3975
91.2837
87.8916
78.8627
74.5728
72.4777
68.1877
66.2422
66.0427
68.8861
65.9429
67.1900
63.9476
65.6436
65.7434
65.2944
63.0996
64.8455
64.3965
63.8977
63.7481
66.4917
62.1518
60.9546
61.1541
59.4581
58.3108
59.5080
58.1611
58.2609
58.1611
54.8688
53.5220
52.8236
49.3318
48.4338
54.9187
53.9709
52.9234
52.1751
48.5336
52.6241
54.0208
50.3793
53.1229
52.1252
54.1704
92.3812
90.0865
84.6492
76.4185
69.3350
74.3234
65.6935
65.2944
64.5961
68.0879
65.4441
66.4917
64.7956
64.7457
64.2469
65.6436
64.5462
63.9476
64.3467
63.3989
65.1448
65.5938
62.7504
62.1518
59.8073
59.8073
59.6576
60.6054
60.4059
60.4558
61.3038
57.8618
56.2157
54.5196
51.2273
51.0777
56.2157
53.3224
52.8236
51.2273
48.8329
52.5243
53.0231
50.2795
53.9709
52.9234
51.0278
86.7443
91.1341
87.7420
76.8674
75.3709
74.5229
66.2422
65.8432
65.7933
67.8884
66.2422
65.9429
63.1495
65.3942
63.6982
65.4441
63.5984
64.0972
63.8478
63.3989
64.5961
66.2921
61.6031
60.1066
58.9593
62.3513
58.0614
60.4059
59.4581
58.8096
60.0068
57.1634
56.0161
56.2157
54.7192
52.1751
50.9779
48.8329
55.2180
52.6241
51.6763
49.6809
48.4338
52.0753
52.3248
50.7285
51.9756
51.0278
56.3653
92.3313
90.2861
85.3975
78.8129
74.9718
70.2329
71.9289
66.9905
63.8977
68.9858
68.4371
66.0926
65.4441
65.5439
66.0926
67.0903
66.6912
65.0949
66.3919
68.7364
64.5462
62.7504
63.1495
61.2539
60.9047
60.4558
58.5103
64.5462
58.9593
56.9639
57.9616
53.4721
51.8259
49.1322
56.0660
51.6763
50.8781
49.7807
49.3318
53.2725
50.8283
52.6739
51.4269
63.9975
92.8800
90.4856
80.7084
75.1215
70.9812
69.1854
67.7387
65.7434
64.4464
62.8003
68.1877
66.8907
65.6935
65.0949
63.4488
63.6982
63.2991
62.1019
65.5439
63.5984
64.6958
66.5415
63.3490
61.1541
59.7075
59.6077
59.8572
60.2562
60.0567
60.7551
62.0021
58.9593
56.4651
58.2609
55.9662
54.4697
51.7760
51.4767
49.6809
55.1681
55.4175
53.6716
50.5290
48.5835
54.8688
54.7690
52.4245
56.7644
53.5718
61.2040
92.3313
89.2884
81.3070
73.7248
70.6819
70.5322
67.5891
66.0926
67.5891
67.2399
63.3490
65.1448
66.8408
65.8432
65.4441
64.8455
64.9951
63.6982
61.2539
62.9499
62.5509
61.8026
60.8049
59.2087
61.1042
60.0068
61.0544
57.3131
58.0115
54.8189
52.6241
49.5313
52.1751
54.3700
51.8758
50.6287
47.9849
51.8259
51.2273
51.0777
52.4245
56.7145
92.6805
92.1317
83.8012
77.3164
76.4185
70.5322
71.7294
68.4371
66.5415
65.3942
64.0474
66.0427
66.9905
64.9951
65.2944
67.1900
66.9905
63.9476
66.3919
64.7457
63.0497
63.7481
69.0856
66.4418
65.0949
62.1019
61.3537
61.2539
59.6576
60.6054
62.1518
60.7551
63.6483
58.9094
60.0068
57.2632
60.0567
57.4129
54.0707
56.2655
52.5243
49.8306
52.3248
53.6217
52.2749
50.8781
48.0847
49.2819
53.4222
51.1774
51.2273
51.6264
51.8758
51.0777
92.3313
91.2338
83.1527
75.3709
73.7248
70.8814
69.6343
66.7910
64.8954
68.2376
64.3467
64.2968
67.9383
65.8432
65.6436
64.9453
63.9476
64.6460
67.2898
62.9000
60.9546
63.0497
59.5579
63.7979
61.6530
63.0497
58.7098
59.3583
60.4059
57.7621
57.7621
55.5173
54.5695
51.1774
47.9350
52.5742
54.0208
50.5290
50.5290
49.7807
52.7238
50.6786
52.8735
56.5150
93.1793
89.7872
86.1457
79.1620
75.5704
69.7840
73.3257
69.2851
65.3443
70.9812
69.4847
67.3896
65.8432
66.8907
66.7910
65.2446
67.5891
69.3849
66.2921
71.1308
64.8954
65.4940
62.7504
67.0404
62.2516
65.6436
63.4986
62.5509
65.2944
62.6007
63.9476
62.0021
59.5579
61.2040
58.6600
56.6646
54.3700
50.3793
55.1182
54.4199
52.3746
50.8283
49.4814
49.9304
53.7714
52.3746
54.1704
52.6241
71.5798
92.1317
85.9462
74.8721
71.7294
65.5938
67.3896
64.4963
65.3443
62.2017
67.5891
62.7005
63.7979
65.4441
63.6483
63.4986
62.6506
63.2492
61.1042
63.0497
60.5056
60.5555
60.1066
58.7597
60.5555
58.8096
59.9070
57.0138
56.8641
55.8665
57.5625
54.5695
51.1276
48.2343
48.6833
56.8641
52.5742
49.9304
49.2320
52.5243
50.2795
52.2250
50.0301
86.7443
90.8847
84.8986
76.5681
74.2236
72.0287
66.6912
71.8791
65.0949
68.9858
65.0949
67.3397
67.6889
66.7411
66.8907
65.2446
65.3443
67.6889
67.6889
64.1970
64.3965
63.6483
63.2492
62.4511
60.8548
64.3467
61.5532
64.3467
61.5532
59.9569
57.0637
60.1066
57.2133
54.6194
53.5718
49.0325
49.4814
58.0614
53.3224
50.3793
48.2842
52.3248
51.0777
52.5742
51.2273
85.9462
90.6851
82.9033
77.2665
70.8814
64.9453
66.7411
61.8525
69.1854
62.9499
66.5415
64.6460
64.5462
62.8502
63.0497
65.8432
64.5961
67.9882
64.0474
61.9523
62.3513
60.3061
60.8049
59.7075
59.1089
64.6958
60.3560
59.8572
57.5625
59.9070
56.3154
57.7122
56.0660
54.5695
51.2273
49.9802
48.3840
56.2655
53.0730
50.9779
48.5835
51.0777
50.5290
51.1276
50.6786
51.0777
92.7303
90.3359
82.9532
78.2641
75.2213
68.4371
73.3756
66.9406
70.5821
66.0427
70.4823
66.1924
66.2422
70.1331
68.6865
67.3397
65.7933
66.2422
68.2376
66.4917
64.9453
64.3965
61.7028
61.7527
66.1924
64.5462
60.6054
60.4059
61.0544
60.8548
59.2087
58.6600
56.9639
55.8665
50.2795
48.1345
57.1136
52.5742
50.7285
49.0823
50.9280
52.9732
52.9234
52.8735
68.4870
91.5830
88.5401
81.7061
73.6749
73.1261
72.0786
67.8884
67.3397
72.3280
66.3919
70.8315
68.4870
66.7910
66.8907
70.5322
71.4301
66.4917
62.1518
68.3373
67.0404
63.2991
64.0474
68.3373
64.7457
63.2492
62.4511
61.2040
61.8525
60.6054
60.5555
56.7644
53.1728
49.9802
58.7597
56.2157
55.0683
50.1798
54.6693
54.6693
56.6646
60.1066
86.0958
73.1261
74.6227
64.4464
71.2306
69.5345
68.6366
65.9429
52.8735
51.8259
52.7238
52.6241
52.5243
73.9742
92.7802
88.5401
79.9602
73.9742
72.9266
74.4231
73.3756
71.0310
72.3779
72.9266
72.9765
65.4940
66.5914
65.9928
63.2991
64.4464
61.9024
68.9359
67.2898
67.4394
61.0045
68.1877
66.5914
65.1448
63.7979
65.3942
61.5532
64.7956
62.1518
62.8502
61.9523
58.6600
59.6576
53.4721
57.2632
53.3723
50.2795
50.4292
49.9802
50.7285
51.8758
50.3294
50.7285
50.3294
50.1299
50.2795
51.0278
51.6763
49.5313
67.4394
92.8800
88.5401
83.2525
78.3639
72.5774
73.9243
72.6772
74.4231
72.9266
68.8861
74.6725
71.1807
71.3802
68.7364
67.0404
63.5984
65.5439
67.0903
65.6436
66.1425
67.9882
62.8502
62.3014
67.3397
64.4963
61.0045
62.8003
63.3989
60.7052
61.8026
58.8595
62.0021
57.9117
57.8119
56.6646
57.7621
54.5196
53.5220
53.2725
50.3294
51.4767
53.2725
52.8735
53.6716
50.7285
50.1299
52.2749
53.1728
53.4222
53.0231
51.6763
50.3793
67.4394
92.7303
88.8893
82.0553
79.6110
73.5252
73.8744
71.2306
72.4278
70.3826
70.9313
69.6343
69.6343
70.0833
68.5369
65.1947
61.8525
67.9383
67.1401
63.5485
62.2017
63.8478
65.3942
64.0972
60.8548
62.9000
60.0068
63.8977
62.2017
58.7098
61.0544
57.3630
59.2586
56.0660
57.3630
56.1159
50.6786
53.1229
51.6763
52.0753
51.2273
49.3816
49.0823
50.7285
50.2795
50.5290
48.7830
50.5788
50.4292
49.7308
50.5290
49.8306
55.4674
93.4786
91.7327
85.6469
79.2119
80.3094
75.8697
74.2735
75.3210
72.5774
74.0739
71.2805
75.5206
71.7793
73.8744
71.2306
67.4394
69.9835
69.3849
67.4893
64.2469
70.4823
69.7341
66.1425
64.8455
68.5369
64.6958
62.9998
66.8907
61.6031
63.5485
61.3537
63.0996
59.5579
60.0068
60.2562
56.2655
50.0301
49.9304
58.8595
53.7215
51.3770
51.1774
49.4814
50.6287
52.8236
52.0753
50.9779
50.8283
52.4744
51.3770
50.7285
55.2180
91.6329
89.6874
83.4021
79.8105
72.4278
74.8222
72.7770
71.7294
69.8338
71.8292
72.7271
70.2329
72.3280
67.0903
68.6865
64.7457
63.4986
67.9882
65.2446
61.2040
65.2446
64.9453
60.4059
63.1495
60.8548
62.5509
60.3061
61.7527
58.8096
58.8595
56.5648
57.4628
57.7621
50.4292
49.7308
49.2320
56.1159
52.0255
50.7285
49.0823
51.2273
52.0255
51.2772
49.4315
51.8758
51.8259
50.3793
61.6031
92.8301
90.1863
85.9961
82.8035
77.7154
75.6702
75.8199
77.0171
75.9695
71.5299
74.6227
75.7201
72.4278
76.1690
73.8245
68.4371
69.9835
71.1308
66.4418
70.7816
68.8362
64.9951
67.0903
66.6413
62.9499
67.4394
62.5010
67.4893
62.4012
65.4940
60.7052
59.7574
61.3537
62.9000
56.8641
52.9234
50.2795
57.3630
54.0707
51.1276
50.4292
49.6809
54.1704
53.1728
51.9756
54.1206
52.8236
52.7238
73.7746
91.4833
85.9961
80.3094
73.5751
71.1807
71.1308
69.8837
71.6296
67.2898
70.4324
66.4418
70.7816
67.8385
69.5844
68.2376
65.9429
64.3467
62.6007
66.9406
67.0903
67.0404
62.4511
62.7504
64.8455
62.3014
59.7574
63.6982
62.3513
59.6576
61.5532
61.8026
58.1611
62.1518
57.3131
59.9070
59.9070
55.8665
51.5765
49.6809
48.9826
52.5243
51.9257
50.5788
49.5313
49.8306
51.8259
51.1276
49.3816
52.3248
50.8283
50.7784
58.9094
92.0320
88.5401
82.8035
76.6679
76.0693
71.2805
72.6772
71.6795
71.3802
69.2352
69.8837
71.5299
67.2898
71.4800
65.2446
68.0879
64.9453
65.7434
66.4418
61.9523
66.3420
62.3513
63.0996
60.1565
61.7028
58.8096
63.5984
59.2586
61.3038
57.2632
60.1066
61.2539
54.3201
52.4744
49.4814
48.6833
52.8735
50.9779
50.2297
49.2320
48.9826
51.2273
50.8283
50.1299
50.9280
50.3294
57.7621
92.8800
89.2884
83.5518
76.8175
74.0739
72.3280
69.6343
70.5821
69.4348
72.7770
66.2921
74.4730
67.3896
73.1760
67.3397
62.6506
70.5821
66.5914
64.8455
64.0474
68.5868
65.0949
63.4488
65.3942
62.8003
62.8502
65.1448
61.6530
64.2469
62.8502
62.2017
60.3560
60.7052
60.2562
62.2017
55.1681
54.4697
51.3770
50.4791
49.0325
55.8665
51.8758
49.6311
47.7854
50.2297
49.8306
50.5788
50.0301
49.9802
50.4292
49.7308
76.9173
92.5807
87.2432
82.2548
78.9126
76.6679
72.7271
75.2213
73.5751
74.1238
72.8268
69.7341
75.7201
69.6343
73.3257
68.7364
70.5821
68.3373
68.7863
69.0856
65.0450
66.9905
65.0949
64.9453
65.1947
63.9975
62.8502
64.8954
60.1565
62.9499
60.2562
63.6483
64.7457
57.4628
53.5718
53.1728
49.7807
47.8352
56.0161
54.6194
52.2250
48.0348
53.8711
52.4744
51.8259
52.2250
51.1276
87.8418
90.5854
84.5993
79.2618
77.2166
71.8791
69.5844
72.5774
70.7317
72.5774
72.1784
69.1854
73.9742
68.4371
67.8884
63.8977
69.5844
63.7481
69.6343
64.3965
67.0404
63.4488
65.6935
62.9998
64.0972
61.4035
62.8502
61.8026
58.1611
61.8525
62.1019
62.0021
55.5173
54.3700
53.4222
48.8329
47.6856
54.6194
50.7784
49.0325
48.0847
50.4292
51.0278
50.7285
50.3793
50.7285
84.6492
89.3881
81.5564
77.4660
74.0241
70.4823
71.0809
70.7317
70.9313
70.0334
69.9835
69.2851
70.3826
66.2422
67.7886
65.9429
67.4893
66.0926
66.1924
64.6958
65.5938
63.4488
62.8003
62.9000
60.3560
64.3965
61.0045
60.3061
61.2539
61.8525
62.9499
56.9140
56.0660
52.8236
50.7285
48.0847
59.2586
54.2203
51.2772
50.1798
51.0278
51.0278
52.7737
50.4791
72.7271
92.6306
88.3406
83.8511
80.7583
75.7700
75.5704
72.9765
77.0669
74.4730
74.2735
72.4777
75.2711
70.9313
76.4185
70.9313
67.9882
73.5751
68.8362
65.4940
71.6296
70.5821
64.9951
69.4348
65.6935
64.9453
67.5392
64.3467
64.7457
62.2516
64.6958
62.1518
62.6506
63.6982
65.2944
60.1066
58.6101
55.3676
52.7238
49.8306
49.3318
53.9709
52.5243
51.0777
49.5812
50.6287
52.0753
52.1751
52.5243
51.9756
80.8581
92.1317
84.9485
76.8175
73.8744
71.3303
69.4847
70.4823
69.3350
67.1401
70.3327
69.4348
68.6865
71.3303
66.0926
65.5439
66.9905
64.3965
61.4035
68.3373
63.8977
61.2539
64.8954
62.8502
61.1541
63.8977
59.3583
62.9499
60.5555
59.7574
59.7075
58.4105
61.2539
61.6031
60.0068
56.8641
54.1704
53.0231
51.7760
49.5313
48.8329
53.6217
50.4292
49.5812
48.0348
52.0255
52.2749
51.3271
51.9756
50.9779
51.2273
80.2096
89.2385
83.2525
77.1168
71.5299
74.1238
71.0310
70.0334
71.7294
69.2352
68.3872
70.4324
71.3802
65.5938
68.8861
67.1401
66.4418
67.6889
65.8931
63.7481
64.6460
64.8954
62.6506
65.1448
63.1495
63.8977
62.8003
59.7075
62.0520
62.9998
63.0996
57.0138
55.4674
55.7168
51.9756
49.5812
47.5858
49.6311
51.8259
50.7784
48.9327
50.3294
51.0777
50.6287
51.8259
68.5369
91.3336
85.2478
77.9648
75.2711
72.8268
71.1807
70.5322
71.9788
71.9289
72.0786
72.9765
68.5868
66.2422
70.9313
66.3420
68.0879
68.0380
65.2446
64.9951
64.9951
66.1924
63.3989
62.9499
65.5938
62.4511
62.9000
63.4488
64.5961
59.4082
57.6124
55.9662
54.6194
52.0255
48.0847
52.9732
50.9779
49.2320
48.5835
51.6763
50.6786
51.8758
57.1136
92.6306
89.0888
84.0007
78.8627
72.6273
73.5252
73.9243
72.6772
71.3802
71.5798
75.1215
71.6296
70.8814
71.5299
66.5415
70.5821
64.9951
71.6795
64.9453
67.4893
64.7457
66.5415
64.3467
65.2446
63.5485
62.1518
62.3513
62.3513
62.7504
60.3061
63.9975
64.3467
58.5602
56.6147
57.0637
54.6194
51.4767
49.2320
47.4861
57.1136
52.0255
48.1844
53.2227
53.0231
53.4721
53.5718
70.7317
90.9844
84.8986
77.3662
73.6749
67.7387
72.3779
68.8861
68.9858
67.9383
69.5345
69.3849
69.2851
64.3965
66.6912
64.9951
64.9951
64.7457
65.0949
62.9499
62.6007
62.7504
60.0567
62.6007
60.4059
62.7005
58.9094
61.8525
60.5555
59.6077
64.9453
57.1634
56.5150
56.1159
53.8711
52.5243
51.4269
49.0823
49.7308
51.9257
49.0823
47.8851
49.1322
49.2819
48.4837
49.5313
49.3318
62.3513
92.7802
86.9937
78.5634
75.8697
71.5299
71.3802
69.5345
70.0334
67.5392
72.3779
66.3420
73.2758
67.6390
71.8292
68.2875
65.4940
66.9905
68.9359
66.5415
64.4464
67.2898
65.5938
65.6935
64.3467
62.6506
64.4464
63.9476
60.8049
65.4940
63.2492
61.2539
64.8954
61.7527
59.7075
63.7481
65.3942
64.1471
57.1136
57.9616
57.8618
55.0185
54.8688
53.7714
50.3294
46.9872
54.9686
53.3224
51.2273
48.3840
53.4222
52.2250
52.2250
52.7737
53.9210
53.5718
92.2315
89.1886
80.6585
76.8175
76.0194
73.4753
72.4777
70.7816
71.0310
71.8791
72.7271
69.6842
67.3397
70.6320
66.2422
67.1401
66.8408
63.0497
64.6958
66.0427
65.2446
62.8003
63.8478
63.2492
63.6483
60.5555
64.4464
65.5439
59.8073
59.0590
56.6147
55.3178
54.6194
51.0278
47.8851
47.0371
56.0660
50.0800
48.0847
50.4292
49.5812
50.6287
49.6311
60.3560
91.5830
85.7467
79.8105
75.8697
70.5821
72.6273
71.3303
68.3872
71.0310
70.0334
69.5844
69.1854
70.0334
67.0404
67.6390
65.3942
68.5369
61.3038
67.0903
63.7979
64.7457
61.9523
64.2968
62.7504
61.5532
63.9476
60.7551
60.7052
60.9546
63.6483
65.1947
57.7122
57.3131
56.6147
56.1159
54.3201
52.3248
49.9802
47.8352
54.3201
52.3746
49.7308
49.4315
50.6786
50.6287
51.0278
51.7262
85.4972
88.5900
79.6110
73.5751
73.8245
71.4800
72.2282
70.4823
70.1331
71.9289
71.5798
69.5844
67.6889
65.6935
67.9383
69.5844
65.3942
65.2446
65.6436
64.7457
63.6982
61.7028
65.8432
65.5938
62.0520
61.8026
63.7979
62.1019
59.6077
57.9117
57.2133
56.7145
54.0707
50.9280
48.6833
47.4861
57.3630
50.7285
50.7784
53.2227
51.5266
53.5718
60.4558
91.8324
85.2977
78.2143
74.4231
71.9788
72.6273
70.5821
71.4800
72.2781
71.5798
67.1401
69.9835
68.9858
66.2422
67.7886
66.2422
67.5392
65.1448
64.7956
63.9975
65.4940
66.1425
63.4986
61.3537
62.7504
64.3965
64.2968
59.3084
58.4604
58.1112
55.5173
54.8189
52.5243
48.6833
54.0707
50.4791
49.1821
50.3793
51.3770
50.6287
50.7784
80.7084
89.4879
83.9010
75.5206
72.6772
72.6772
71.0809
74.2735
70.0334
70.5322
70.4324
72.0287
67.1900
66.4418
69.0357
68.1378
64.2469
67.2399
65.9928
64.5961
63.3490
63.0996
64.8954
62.4012
62.0520
61.7028
63.4986
65.7434
59.8073
59.8572
57.7122
57.5625
56.9140
54.4199
52.8236
48.5336
52.7238
52.1751
49.5313
50.0800
52.6739
51.5765
52.0255
75.3210
89.7373
82.9532
76.3686
72.7271
74.0739
73.1760
71.5798
73.0763
72.1285
71.6296
72.3280
69.6343
68.4371
67.5392
74.0241
66.2422
65.4940
68.5868
66.4917
65.6935
65.4940
65.9429
63.5485
64.8954
63.8977
63.1495
64.5961
63.2991
59.7075
59.4581
58.4105
56.6646
56.3653
52.5742
51.8758
47.8851
52.6241
54.7690
51.0777
49.4315
52.3248
52.3746
52.1252
65.9429
91.4833
82.7537
73.8744
72.3280
70.0334
70.1331
70.1331
69.9336
70.0833
69.3849
67.9882
66.1425
66.0926
65.2446
65.3942
64.4963
64.0972
62.8003
62.8502
62.9998
61.1541
63.7481
64.8455
61.5033
58.9593
58.1112
57.9616
55.0185
55.6171
50.8283
48.2842
52.8236
49.5812
47.9350
52.3248
50.7784
52.3248
62.5509
92.2814
84.7490
79.3616
74.1737
76.0194
72.1784
74.1737
72.2282
72.6772
72.2781
71.5299
71.3303
68.7863
66.9905
70.8814
68.8362
65.8432
68.4371
65.8931
64.0972
68.4371
64.0474
64.7956
65.5938
65.3443
64.3965
62.3513
64.8455
65.8931
61.7527
59.3583
57.5126
59.3583
56.8143
55.9164
54.4697
51.5266
48.5336
56.8143
50.9779
50.9280
53.8711
52.6739
53.1229
78.2143
87.0935
79.4115
72.1784
72.8268
69.7840
71.6795
71.0809
69.6343
70.2828
66.6912
67.8884
67.7886
65.3942
65.2944
65.4441
64.9951
65.1448
62.9000
62.5010
61.5532
62.5010
61.9523
61.9523
60.2562
57.4628
57.0637
55.3676
53.7714
53.9709
49.7807
47.3863
54.1704
48.8329
49.1322
50.0301
50.8781
50.0301
87.0436
85.7467
79.1122
72.3280
68.1378
69.6343
68.3373
67.7886
67.5891
68.9359
70.4324
67.3397
65.2446
64.8954
66.8408
64.1970
64.0972
65.3443
62.6506
61.5532
64.9453
63.7481
61.1541
62.7504
62.8502
61.1042
61.6031
64.6460
60.2063
59.8572
59.0590
58.7597
56.9140
55.1681
55.6669
54.9187
50.8781
47.5359
57.5126
52.7238
49.9802
54.4697
53.7714
54.0208
53.5718
76.5681
69.0357
62.4511
66.3919
68.6865
59.3084
63.3490
65.8432
58.4604
50.5788
52.2250
51.2273
51.8259
51.0777
51.0278
70.1830
89.4380
79.3616
72.8268
71.5798
72.7770
72.2781
71.9289
67.3896
65.6935
67.5891
68.0380
65.9928
65.8432
66.4917
67.2898
67.4893
67.7886
67.8884
67.0903
67.6390
67.8884
67.8385
62.8502
60.6553
60.4558
58.9094
59.7075
60.8049
59.7574
59.6077
58.9094
59.3084
59.8073
57.7122
59.1089
57.1136
56.6147
53.3723
52.3248
54.3700
51.9257
52.3746
52.2250
52.4744
52.1252
52.8735
51.8758
52.1751
53.3723
52.1252
52.8735
51.9756
51.5765
51.6264
52.8236
51.3271
64.8455
90.5854
82.1551
76.3686
69.5345
73.2259
72.7271
71.9289
67.8385
71.4301
67.1900
66.1425
67.3896
68.5868
66.0926
68.0380
66.7910
65.1448
65.3443
64.8455
67.3896
64.8455
66.6413
62.2017
62.3014
57.9117
58.8096
58.1611
59.6077
57.7621
57.2632
58.3108
57.6124
57.4129
56.9639
56.1658
54.9187
53.8213
54.2702
51.7760
50.4791
49.7308
49.9802
49.4814
51.1276
50.4292
50.8283
50.5290
50.2795
49.9304
49.8306
50.8283
50.5788
50.6287
50.2795
50.9280
49.3318
49.7308
85.0483
89.3383
81.1574
76.1690
77.3662
76.1690
74.8222
73.0763
72.4278
70.7317
69.6842
70.6320
69.8338
69.0357
67.0404
70.1331
67.5891
66.7910
67.9882
66.1924
63.8478
61.7028
63.0996
59.9569
58.3108
59.4082
59.9569
58.9094
56.9639
57.6623
55.0185
53.7714
51.7262
48.7830
55.1182
53.0231
49.8805
48.1844
49.6311
50.7784
52.7238
51.3770
51.1774
49.9802
50.6287
52.2250
51.9257
51.6763
49.6311
65.4940
91.7826
87.3928
80.1597
76.3187
76.3686
76.3686
76.4185
75.2711
76.1690
74.3732
72.9266
72.6772
72.0786
69.7341
74.6227
70.4823
70.1331
68.9858
69.9835
70.7317
66.2422
68.9858
69.8338
69.0357
68.5868
66.4418
67.6390
61.2040
63.5984
61.2040
60.3560
61.1042
61.2040
58.5602
59.2087
58.2110
56.7145
56.7644
56.6646
54.6693
51.5266
48.6334
56.2655
53.3224
50.0800
49.0823
51.6763
52.7737
51.5266
52.0255
51.5765
51.6763
53.4222
52.0255
51.3770
51.4767
54.4199
91.9821
88.8394
81.8557
77.9150
75.9695
77.5658
77.3164
73.7746
73.5252
72.4777
70.5821
71.7294
72.3779
68.4870
70.0334
68.2875
69.0357
66.6912
66.6912
68.4870
65.0450
65.3443
66.3420
65.6935
63.7481
61.6031
60.0567
58.7098
59.2586
59.3084
59.1089
57.0138
58.5602
56.9140
55.3676
56.2157
51.0278
49.5313
49.3318
53.5718
50.9779
49.5812
48.4338
47.9849
51.1774
51.0278
51.4767
49.6311
51.0278
50.8283
51.8758
49.8805
59.0091
90.2362
84.3499
77.2665
73.4753
74.2236
73.0264
72.0287
74.3234
68.3373
70.0833
69.8837
68.9858
68.9858
65.5439
66.3420
67.7387
67.2399
65.1448
63.0497
65.1947
66.9406
63.7979
61.5532
59.9569
60.0567
57.0138
58.2110
57.5625
56.5150
56.6646
56.6147
54.0707
54.3201
50.3294
48.5336
47.4362
51.9257
49.7807
48.4338
47.5359
49.0823
50.0800
50.4791
48.7331
50.1299
50.5290
50.1798
48.7331
88.5900
87.7420
83.1028
78.9126
74.7723
76.4185
75.5206
75.4208
75.8199
72.8268
71.2805
71.4800
72.5774
69.4348
69.7840
68.9858
68.4870
67.6889
68.0879
67.9383
66.2921
67.6889
68.7863
66.7411
62.7005
62.0520
62.0021
60.6054
59.5080
59.5080
58.2110
58.1112
58.4604
56.1658
56.6646
55.0185
51.6264
49.9304
47.6357
52.1252
53.3224
49.4814
46.9373
51.3271
52.7737
51.2772
50.3793
52.4245
51.4767
50.1798
89.7872
87.3429
81.4068
78.1145
73.9742
75.4707
75.7201
74.7224
74.6725
70.8315
73.1760
71.4301
69.7840
68.1378
69.6343
69.3849
67.4893
66.2422
68.3872
67.3896
66.7411
64.4464
63.6982
63.1993
58.6101
61.4534
58.7597
58.6600
58.7098
58.3607
56.2655
56.1159
54.4199
51.3271
49.2320
47.7854
52.4744
51.2772
48.7830
48.2343
51.0278
52.0255
49.7308
51.0278
51.7760
49.5313
76.8175
88.3905
83.1028
77.6655
75.1714
77.0669
76.5182
75.5206
75.7700
73.7746
73.5252
72.7271
71.9788
69.6343
68.0380
69.0357
69.8338
68.7364
67.5392
68.3872
67.6889
69.0856
63.4488
62.2516
62.7504
61.4534
61.0544
60.1565
58.6600
59.2586
57.4628
58.6101
57.0138
51.0777
49.9802
48.0847
54.8189
51.0777
49.1322
51.5266
51.9756
50.9280
52.0753
51.1774
77.4660
90.0366
83.4520
79.4115
75.7201
77.0669
76.9173
75.0716
75.9196
70.1830
72.5275
72.4278
69.3849
70.2329
68.6865
66.9905
68.4870
67.4893
66.6413
67.6390
67.2399
63.1993
61.5532
62.0021
60.6553
60.0567
60.2562
58.8595
59.7075
57.9616
56.2655
58.3108
51.3770
50.1798
48.4837
49.4315
50.9779
48.7331
48.4837
49.8805
50.3294
50.7285
50.8781
58.4604
89.9867
84.8986
76.0194
71.9289
70.1331
70.8315
67.8385
69.7840
70.4324
68.1877
64.9453
64.2968
65.3942
66.7411
65.5938
65.5439
63.7481
64.6460
62.2017
61.6031
62.6007
62.9998
63.3490
61.8525
63.0497
61.8525
60.5555
58.2110
57.5126
58.6101
57.7621
56.7145
56.8641
54.5695
55.6669
56.2157
53.9210
56.1658
53.3224
51.1774
49.2819
48.2842
47.6357
53.3723
50.6786
48.0847
50.1299
51.5266
51.6264
50.4292
50.5788
50.8283
51.9257
54.5695
91.2837
85.4474
79.7606
73.6250
75.7201
74.7224
73.4254
75.5704
71.8791
71.0809
69.9336
70.0833
69.3849
67.7387
66.1425
69.0856
68.3373
66.3919
67.1401
66.9905
67.7387
67.6390
62.7005
62.1518
59.8572
60.0567
60.4059
58.1611
59.8073
57.9117
56.9639
55.6669
57.8618
55.7168
51.8758
49.8805
47.7355
47.1868
48.5835
52.0255
49.1821
50.1798
50.0301
50.1299
50.2297
50.5290
49.5313
76.8175
88.0912
81.9056
77.1667
76.9173
75.3709
75.1714
76.5182
71.5798
73.8245
71.3303
70.9313
71.4800
68.5868
68.4371
65.6935
68.8861
67.1401
66.5415
67.8385
65.8432
63.0497
61.2539
62.1019
60.5555
59.9070
59.2087
59.9070
58.7098
57.4628
57.2632
53.5220
51.7262
49.2819
47.7854
51.2273
49.2320
47.7355
50.7784
53.4721
51.4269
53.3723
52.7737
58.1611
90.6851
82.6040
74.2735
72.6772
72.1285
72.6772
72.0287
74.3732
69.4847
68.8362
68.4371
69.6343
66.9406
66.3919
65.2944
65.6935
65.5439
63.9975
65.8931
65.2944
60.8548
61.3038
58.8096
59.8073
57.3630
58.8595
57.8119
56.9140
56.3154
56.5648
54.6693
52.1252
51.0278
48.0847
47.9350
51.4269
48.8329
49.1821
50.8283
50.0800
50.4791
51.7760
65.8432
89.5378
83.0031
77.7154
76.7676
76.6180
75.5206
75.9196
73.2758
71.1308
73.6250
70.6819
70.5821
70.0334
70.0334
66.4917
68.9858
67.1900
68.8861
63.7481
64.1471
63.7481
61.4534
61.2040
59.6077
60.7551
58.7597
58.1611
56.4152
54.4199
50.6287
48.9327
49.1821
52.8236
48.6334
49.4814
52.6241
51.5765
52.0255
62.1518
89.9369
81.9056
73.1261
70.6819
71.2306
69.8338
72.2781
69.3849
69.8837
69.5345
67.1401
67.3397
65.2944
66.7910
66.4418
66.6912
65.1448
64.3467
64.4464
65.3942
63.4986
64.5961
61.1042
58.7597
60.5056
58.2110
58.4604
58.3607
57.2133
59.2586
56.2157
57.3131
59.5579
53.0730
52.6739
51.3770
49.4814
47.9350
53.4222
49.7308
49.4814
49.4814
49.5313
50.1299
50.3793
49.5313
82.2548
86.2455
77.0669
75.7700
77.3164
73.5252
72.9266
75.6702
71.6296
69.7341
72.5774
70.5821
68.2376
69.6842
66.9406
68.1877
66.4917
66.7411
66.2422
65.2446
62.1518
62.0021
62.7504
60.3560
58.6600
59.9569
57.6623
58.2609
58.3607
54.0208
52.2250
50.1299
48.1844
50.3294
52.6241
49.3816
51.0777
50.9280
51.0278
50.9280
66.5415
88.5900
80.1597
74.1737
73.0264
72.3779
72.1784
73.1261
71.7793
68.7364
71.7294
68.2376
68.1877
67.4394
66.6912
67.0903
65.9429
65.8931
63.8977
66.2422
63.1495
59.8073
60.1565
59.9070
59.2087
58.9593
59.6077
58.4105
57.1634
57.5126
53.8711
51.9756
51.0278
48.5336
48.1345
56.6646
49.8805
48.5336
51.2772
50.9779
49.7308
50.9779
49.8805
89.5378
86.5448
78.6632
74.5229
73.6749
73.7248
72.3779
74.7224
74.2236
70.0334
68.6865
67.6390
70.9812
68.1378
68.7863
68.4870
67.2898
65.9928
66.2921
66.8907
65.4441
67.4394
67.4893
64.1471
62.4511
60.5056
60.5056
60.6553
58.1112
60.2562
58.3108
57.6124
56.4152
57.1634
60.6054
53.9709
53.0730
52.3248
50.7285
48.9826
51.0777
54.4697
48.9826
50.1299
50.6786
49.8805
50.0800
51.4767
69.3350
86.8441
80.2595
74.6725
75.4707
72.8268
74.4730
73.3756
73.3257
70.7317
70.7317
70.5322
68.5868
69.4348
67.3896
66.3919
69.0856
65.9429
68.0380
64.4464
62.7504
62.9998
61.1541
60.9047
58.0115
61.4035
57.4628
60.5056
58.4105
54.8688
53.3723
52.1252
47.7355
50.5788
51.6763
48.8329
51.1276
54.5196
53.6716
53.9210
53.6217
83.6516
85.4972
74.2236
71.0809
70.1830
70.4823
70.3826
67.8385
70.3826
67.1900
64.7956
66.2921
63.5485
64.8455
63.9476
61.3038
63.3989
62.8502
61.1042
61.8525
62.4012
60.4059
62.6506
59.6576
58.0614
56.7644
56.8143
56.4651
56.4651
55.1182
55.1681
55.0683
54.8688
54.5196
54.2702
55.3676
54.1206
50.9280
51.0278
50.4791
49.4315
49.4315
47.6357
48.0847
52.5243
47.9849
48.8828
49.1322
48.9826
48.8828
49.5812
49.3816
48.7331
65.2944
86.1956
76.5182
76.0194
73.8245
74.4730
73.8245
71.1308
69.5345
70.8814
68.6865
67.3896
65.9429
66.1924
66.0427
63.7979
61.5033
60.9047
58.9593
59.8572
60.0068
60.1066
56.5648
54.2702
52.8735
47.8352
54.4697
51.2273
50.0301
52.9234
52.5243
53.6217
89.6376
83.3523
75.7201
74.4730
77.5159
74.7723
75.2711
74.4730
70.7816
72.0287
70.2329
69.3350
67.7387
68.0879
66.3919
68.3872
63.8478
68.0380
67.4394
62.5509
60.6553
61.1042
60.0567
58.7098
58.7597
58.6600
57.9117
56.7644
59.0091
54.8189
52.8236
53.3723
52.4245
50.1299
51.4767
51.9756
50.4292
56.4651
53.4721
55.4175
54.0208
64.1970
89.6376
80.5588
70.2828
67.9882
68.3872
68.8861
67.6390
69.3350
63.1993
67.8385
64.7457
64.1970
64.2469
62.3014
62.4012
60.8049
64.1970
60.7052
62.0021
63.9975
60.4558
57.9117
59.5080
58.6600
57.7621
56.1159
55.5173
57.0637
55.1182
58.8096
53.1728
52.6739
51.2772
51.7262
49.2819
47.6357
47.2865
54.3201
48.6833
48.3341
49.2819
49.5812
48.1844
48.8828
78.2143
85.5471
77.5658
74.4730
74.2735
75.6702
75.5704
73.0264
73.6250
68.4371
69.4348
69.1854
68.0879
66.7910
67.4394
69.3350
63.9476
62.7504
61.6031
59.7574
60.1066
59.0091
58.4105
59.7075
55.2180
53.1728
52.9234
49.3318
49.7308
49.7308
48.0847
50.1798
51.7262
52.9234
61.3038
87.7919
78.3639
72.3779
67.9882
69.8338
69.3350
68.6366
71.0310
65.7933
67.7387
65.9928
65.4940
63.8977
62.2516
63.7979
61.7028
63.0996
61.2539
63.4986
64.3467
61.9523
58.9593
58.2110
57.7621
58.7098
58.0115
56.9140
56.8143
56.2655
58.2609
54.7690
53.1728
52.8735
51.6264
51.7262
49.1322
47.4861
52.2250
50.1299
48.7331
49.0325
48.8329
49.1322
49.0823
49.2819
84.3499
80.8581
76.2189
75.5206
77.2166
75.3709
73.4753
71.8791
69.1854
69.4847
68.2875
68.0380
66.9406
66.1425
66.9406
62.9998
62.6506
61.1042
60.8548
58.9094
59.5579
59.8572
57.5625
54.4199
54.8189
52.3746
48.2343
53.0730
50.7784
51.2273
52.9732
52.8236
63.9476
86.8441
76.5681
70.8315
68.1378
69.1355
68.8861
71.0809
71.1308
67.6889
66.1924
68.2875
64.2469
67.5891
63.2991
66.2921
63.7979
63.4488
63.4986
63.3490
64.8455
62.0021
59.0091
59.4581
59.5080
57.9616
57.7621
57.7122
57.4628
57.2632
58.8595
56.3653
54.4199
53.1229
53.1229
53.3224
50.5290
48.7331
52.4744
48.6334
50.8781
51.2772
51.6763
50.8781
51.3770
51.5765
74.5728
84.8488
76.3686
72.4278
71.2805
70.4823
70.3826
66.2921
66.2422
64.2968
63.3490
65.9429
61.6530
63.4986
64.5961
63.5485
59.6077
58.3607
59.0091
58.1611
57.1136
57.3131
56.7644
58.9593
55.7667
52.2749
53.2725
51.8758
49.6809
47.1868
52.4744
50.3793
50.3793
51.0278
51.0777
56.3653
63.9975
58.7597
62.2516
58.2110
63.0497
58.3607
56.5150
60.7551
56.9639
52.3248
52.6739
53.9210
51.3271
53.4721
53.2227
52.5742
53.6217
52.2749
56.7644
84.5993
68.0879
65.7434
65.7933
63.9975
64.7956
61.4534
62.9000
61.4035
62.5509
62.6506
63.0497
63.7979
65.1947
62.9998
58.4604
58.8595
59.0590
60.4558
59.6576
60.9546
60.2063
61.9523
59.8073
61.2539
60.8049
55.6171
56.1658
52.9234
55.7667
55.2180
55.3178
56.5150
56.3154
55.9164
55.4175
54.9686
56.2157
52.1751
53.6217
51.5765
52.3746
51.9756
52.5243
50.9779
52.4744
53.3224
53.0730
52.8735
51.5765
51.9756
51.1276
53.1229
51.6763
52.1252
51.9756
52.0753
53.2227
53.1229
52.4744
52.8735
52.2749
50.8283
69.1854
85.0982
76.4683
72.5275
73.8245
70.9313
68.0380
67.4394
68.2875
67.0404
65.9928
66.7411
66.1425
67.9882
62.7005
64.5961
61.7527
61.6031
61.3038
62.7005
62.0520
62.1019
62.6007
62.0021
56.7145
56.3653
56.4152
54.7192
54.5695
55.2180
55.7168
56.6646
55.7168
55.1681
53.1229
54.1206
51.5266
51.3271
51.3271
50.7784
50.3793
52.8236
51.7262
52.1751
52.1252
51.5765
52.0255
49.7807
50.9280
51.0777
51.8758
51.9756
52.4744
51.5266
51.5266
51.4269
50.4791
49.7308
87.1933
84.2003
76.5681
74.2735
73.9742
72.0786
70.0833
69.2851
69.4847
69.9336
69.3849
68.3872
68.7364
69.1854
65.2944
66.0926
63.5485
61.8026
64.3467
62.6506
62.5010
63.1993
62.7005
60.4558
58.9094
58.5602
56.9140
55.3676
56.7145
56.0660
56.5150
57.1136
53.9709
55.2180
51.5266
50.1798
50.9779
52.0255
51.1774
49.4315
48.2343
50.1299
50.4791
51.5266
52.1751
51.9257
51.3770
51.3770
49.6311
49.8306
52.0255
51.7760
51.6763
52.5742
50.8283
49.8805
50.0800
86.6944
81.3070
75.5704
74.6725
72.7271
70.0334
68.9359
69.0856
67.0903
66.9905
66.9905
64.6460
66.3420
67.2399
63.8478
60.8049
62.4511
60.4059
61.8525
60.8049
60.3560
60.7551
60.3061
59.1588
57.5126
55.5173
54.6693
54.4697
54.2203
54.2702
54.8688
54.4199
55.2180
53.7215
51.5765
49.3816
48.3840
51.6763
59.6077
54.1206
48.7830
50.0800
50.7784
50.3793
50.7285
51.1774
50.3793
49.7308
50.5290
51.2772
51.2273
51.7262
50.6287
49.8306
49.9802
64.8954
87.6921
76.7676
75.8697
74.1737
71.5798
69.4847
71.7793
70.4324
69.9835
68.1378
68.5868
66.5415
61.9024
63.9975
64.1970
61.5532
60.9047
63.1495
61.8525
58.2609
56.9140
56.2655
56.6147
57.9117
55.3676
56.0161
54.9187
51.1774
50.1798
49.2320
53.7215
49.7308
48.5336
48.4338
50.0301
51.5266
50.6287
50.3793
48.8329
51.3770
51.1774
51.4269
48.8329
63.7979
88.3406
79.8105
74.4730
76.2688
74.9220
72.1285
72.0287
70.1830
71.2306
67.8385
69.0357
69.1854
67.4893
69.3350
66.8408
66.4418
67.0903
63.5984
63.4986
60.3061
62.4012
62.4511
62.4012
59.8572
60.0068
60.0068
59.8073
58.7098
56.1658
55.6171
55.0683
54.1704
54.8189
54.9686
53.9709
54.5196
53.7714
52.1252
51.8259
49.1322
48.2343
54.2203
52.3248
49.6809
49.4315
52.1252
52.0753
51.2772
52.0753
49.2819
50.9779
51.5765
51.9756
51.4767
50.7784
49.5313
79.1122
85.6968
79.1122
77.6157
75.2711
74.0739
72.8268
70.8814
71.6795
70.1830
70.0334
68.6865
68.0380
65.4940
64.2469
63.6982
62.6506
62.4012
61.9024
60.8548
58.8096
56.3154
56.0161
56.8143
57.2133
57.2632
55.5672
53.5718
51.3271
50.2297
48.4338
55.2679
51.6264
50.4791
48.8329
50.8781
51.5765
51.6264
50.2795
51.4269
51.2273
51.5266
57.9117
90.5355
82.6539
77.6157
74.7723
75.0217
75.0716
70.5821
70.3826
68.4870
69.6842
68.2376
67.7387
66.3919
67.8385
66.8907
63.5984
63.1993
62.5010
62.0520
60.5056
60.1565
60.2562
59.5579
59.8572
57.6623
55.8166
57.3131
56.0660
56.1159
56.0161
55.4674
53.9709
55.4175
53.7215
51.2273
48.6334
50.2795
54.2203
54.2203
49.7807
52.3248
53.1728
52.6739
51.7262
50.6287
52.6241
53.5718
51.5266
50.9280
69.0856
87.6422
79.0124
79.0623
76.4683
73.7248
71.4301
74.2735
71.4301
71.6296
71.4301
71.1308
69.5345
69.4847
66.3919
63.0497
67.1401
64.0972
63.7979
64.0474
62.3014
61.1042
55.9164
56.3653
55.6669
56.9639
56.2655
55.0185
54.3201
52.3248
49.0325
48.5336
48.4338
52.9732
49.5812
48.5336
49.6311
50.9280
50.2795
49.9304
50.7285
50.5788
49.8306
62.8003
88.4902
79.3117
78.4637
76.4185
75.4208
72.4278
71.7294
71.0310
72.1285
70.7816
70.5821
69.1854
65.1448
63.8478
64.0474
62.6506
63.1993
61.7028
61.8525
57.0637
56.5648
55.3676
57.0637
55.4175
55.4175
54.4697
51.1774
50.2795
47.7355
54.4697
50.6786
48.3840
50.8283
50.9779
50.1798
50.6786
51.4767
50.7285
56.2157
89.0888
80.1098
76.5681
74.8222
72.7770
73.9742
68.8861
71.0809
68.9858
67.8385
66.8408
65.6935
67.0404
65.9429
66.8907
62.0021
62.1518
62.6506
61.3038
61.4035
60.8049
60.3560
61.2040
59.9569
57.8119
55.6171
55.3676
56.3154
56.7644
55.1182
55.8665
57.0637
54.3700
52.7737
49.9802
48.4338
47.8352
53.6217
52.0255
49.1322
50.9280
50.6786
51.6763
50.8283
50.8283
51.3271
51.3271
56.8143
89.0390
82.1052
78.9625
77.2665
75.5206
73.7746
72.6772
71.7294
71.1807
70.1331
69.0357
68.8362
66.8907
64.6460
63.0996
64.6460
61.2539
62.2017
61.0544
59.6576
56.3154
54.8688
56.7644
55.4674
56.0161
55.7667
52.7737
50.5788
49.0823
51.9257
50.9779
48.8828
49.8306
52.4245
51.5765
51.4767
52.3746
51.7760
67.5891
86.1956
75.5206
72.2781
70.5821
72.2781
67.1900
68.5369
68.1877
64.8455
64.9453
63.8977
64.5462
65.4940
65.5439
62.3014
59.9569
60.6054
59.9070
59.8073
59.0590
59.1588
59.2586
57.7122
55.2180
54.8688
55.6669
54.3700
56.0660
55.7168
55.3676
56.2157
54.6194
51.5765
51.2772
48.3341
48.3840
52.4245
53.0730
48.1844
48.7331
49.5313
49.4315
48.1345
49.5812
49.0325
49.1821
48.6334
52.6739
89.3881
81.1075
77.1168
74.6725
73.8744
73.3756
71.8791
70.7816
70.6320
68.8362
71.2805
68.5868
65.1448
66.1924
65.1947
63.2991
63.6483
62.5010
59.0590
59.0590
57.6124
57.8119
56.6147
56.7644
54.5196
52.2749
49.5812
49.4814
54.8688
49.7308
50.2297
53.3723
51.2772
53.0231
54.0707
71.4301
87.3429
76.1192
75.0716
74.5229
72.0786
68.9858
71.1807
68.1378
67.4893
67.5392
67.8385
66.3420
67.3896
64.7457
62.5010
62.1518
62.1518
60.2063
60.4059
60.2562
58.4105
56.7644
55.9662
55.7667
56.3154
55.5672
56.3154
56.9639
54.4199
51.9257
49.1821
48.5336
49.5812
51.2772
48.1844
49.7308
49.1322
49.6311
49.8306
49.6311
49.2320
49.9802
60.8548
84.7989
74.5728
74.8721
71.8292
70.2828
68.8362
68.3373
67.2898
65.7434
65.0949
64.3467
64.2469
63.1495
61.0544
59.6576
60.6054
59.0091
59.0590
58.3607
58.6600
56.9639
54.4199
53.8711
54.1704
54.5196
54.3700
54.4199
52.7737
52.2250
50.2795
48.9826
47.6357
53.4721
52.6739
48.9826
50.8781
50.4292
49.4315
50.7285
50.7285
54.8189
89.0390
79.5611
76.9173
73.2259
75.1215
72.4278
72.1784
70.4324
71.0310
67.3896
70.1331
70.1830
65.2446
65.0450
63.2991
63.9975
62.1518
61.5033
60.4558
59.9070
58.3607
58.5103
59.1089
56.7644
58.0115
55.8665
51.1774
49.5812
49.1821
52.0753
49.1821
51.1276
55.0683
54.1206
54.2702
55.0683
55.9164
89.6874
78.8627
71.3802
72.9266
71.7294
69.3350
68.1378
66.4418
66.9406
65.9928
65.8432
65.1947
64.9951
63.3989
65.3443
61.6530
60.3560
60.0567
59.4082
59.6576
58.9593
59.2586
60.0068
56.0660
55.0683
53.7714
54.7690
54.6194
55.1182
54.6693
54.5695
52.2250
52.3248
49.5812
48.0847
47.8352
54.0707
48.8329
49.2320
49.4814
50.1798
49.5812
49.8306
49.3816
49.9802
49.8805
72.0786
83.4021
76.3187
74.2735
73.8744
72.0287
69.6343
68.3373
68.9359
65.7933
65.0450
66.3919
66.9406
62.7005
62.1019
62.6007
60.2562
60.8049
60.8049
60.1066
55.8166
58.7597
56.3154
56.9140
56.6147
57.8119
57.7122
54.3700
51.2273
49.6311
48.4837
54.2203
49.6311
50.7784
51.4767
51.6264
51.6264
51.9257
50.6287
51.9756
65.6436
85.1481
77.0669
75.9196
74.5728
70.4823
70.5322
69.3849
69.3849
65.5938
67.8884
66.4418
64.6460
62.2017
61.7028
60.4059
59.1588
59.5080
59.5080
57.9616
55.7667
55.3178
55.7667
56.1658
55.7667
56.5648
54.1206
52.1252
49.5812
48.8329
51.6264
50.5788
50.2795
52.3746
51.0278
51.1774
52.5742
51.4269
59.9070
87.7420
76.4683
74.0241
72.9765
71.3802
69.8837
68.6865
67.5392
65.9928
67.3397
66.5914
62.1019
62.1518
61.5532
60.1066
60.3061
61.3537
57.6124
55.2180
55.5672
55.2679
54.9686
56.8641
54.1704
51.6763
50.0800
48.8828
47.8352
52.9732
49.1322
48.8329
49.2320
50.0301
48.8329
51.1276
88.2408
76.6679
74.7723
73.2758
72.1784
70.3826
68.6865
65.7933
66.5415
67.4893
65.8931
62.3513
61.8026
60.4558
59.6576
58.9593
59.7075
56.0660
55.4674
56.7145
54.6194
56.5648
55.8166
53.6716
51.5266
49.2819
49.5313
49.7807
47.8352
50.5290
52.0255
50.9779
51.4767
52.0255
72.6772
84.0506
73.3756
69.7341
68.6865
69.2851
67.5392
66.1425
65.8931
65.1448
64.0474
64.7457
63.5485
62.7005
60.6054
59.9070
60.1565
58.9593
58.3607
57.1634
58.6101
58.1112
56.1658
55.4175
55.3676
55.5173
55.5672
55.2679
55.1681
53.6217
51.0777
49.6809
48.7830
47.8352
52.2749
48.7331
50.6287
50.5788
51.1276
50.2297
50.5290
51.5765
54.1206
87.8418
79.2618
75.3210
74.5728
71.6795
69.5345
70.0334
68.5369
69.2851
66.2921
65.1947
62.8502
61.3537
59.7075
61.9024
56.3154
57.7621
56.6646
57.5625
57.4129
55.3178
53.6217
50.9280
48.5835
52.4744
49.2819
51.7262
52.5742
51.0777
52.2250
64.8954
86.4450
74.0241
67.9383
68.1877
67.9383
66.0926
63.1993
63.7979
63.6982
62.5509
61.1541
62.2516
59.0590
59.8073
60.5555
60.6553
60.4059
57.4628
57.9117
56.4651
54.4697
57.5625
54.6194
55.5672
55.1182
54.3700
55.8166
55.6669
54.3700
52.8236
53.4721
52.1751
52.8735
53.5718
51.6763
53.6716
53.7215
54.7690
53.3723
51.3271
50.2297
49.2819
49.5812
48.6833
47.6357
51.9257
49.9802
48.7331
48.9826
49.0823
49.1821
50.1798
49.8805
49.4814
49.7807
48.8329
50.0800
50.2795
71.3303
84.0506
76.6180
76.1690
74.7224
71.7294
70.2828
70.7816
67.5891
68.9359
68.7364
65.5938
64.3965
63.0996
62.8502
60.4558
60.1066
57.7621
58.5103
58.2110
58.6600
57.4129
54.7192
53.0730
50.0301
47.3863
54.1206
49.0823
52.5243
51.9756
52.2749
53.1728
61.6530
87.8418
76.5681
73.8245
72.6772
72.0287
70.2828
70.4823
68.6366
67.2898
67.8884
68.4371
64.0972
62.7504
62.0520
61.1541
60.7052
58.5602
57.3630
56.8143
56.4651
56.7145
57.0138
54.3700
52.8236
50.6786
48.2842
49.5812
49.8805
49.0823
51.8259
51.4269
51.0777
52.0753
51.0278
86.5947
75.9196
72.8268
70.5821
72.0287
66.6912
68.4870
66.2422
65.8931
65.1448
64.0474
65.3443
62.9000
60.7052
61.7028
59.3084
59.0590
59.2087
59.7574
57.7621
56.3653
56.1159
56.1658
55.4175
56.3653
55.5173
55.6669
53.3224
51.4767
50.6786
48.3840
51.4269
50.8781
49.9802
51.6763
52.7238
50.8781
51.2273
52.6739
51.7262
47.0371
