views=30 mid=8192 big_split=1 bias=+0.00 seeds=8 sigma=1.0 ofit=model merge_fix=10.0 ratio=0.5
tiles/view: mid (8192,16384] mean 72.0 (min 57 max 83), big >16384 mean 3.2 (max 5), records/view mean 2640214

## merge 0.010 us/rec
  view maxtile tip_win split_win tip_mean split_mean save_traced save_untraced
     0   22980   3.527     3.015    2.622      2.658      +0.512        +0.256
     1   19171   3.446     2.284    1.909      1.937      +1.162        +0.581
     2   18956   3.260     2.327    1.987      2.001      +0.933        +0.466
     3   18906   3.393     2.399    2.063      2.084      +0.993        +0.497
     4   17834   3.426     2.540    2.179      2.180      +0.887        +0.443
     5   20034   3.294     2.729    2.312      2.319      +0.565        +0.282
     6   22369   3.525     2.837    2.468      2.483      +0.687        +0.344
     7   21267   3.445     2.990    2.647      2.642      +0.455        +0.228
     8   21034   3.505     3.175    2.787      2.808      +0.330        +0.165
     9   19050   3.461     3.254    2.865      2.885      +0.206        +0.103
    10   19360   3.335     3.274    2.888      2.899      +0.061        +0.030
    11   19524   3.411     3.305    2.881      2.906      +0.107        +0.053
    12   20018   3.322     3.194    2.829      2.842      +0.129        +0.064
    13   20383   3.416     3.069    2.690      2.726      +0.347        +0.174
    14   20940   3.322     3.000    2.608      2.645      +0.323        +0.161
    15   21162   3.287     2.928    2.529      2.572      +0.359        +0.179
    16   19338   3.354     2.864    2.476      2.525      +0.490        +0.245
    17   19767   3.374     2.846    2.438      2.490      +0.528        +0.264
    18   18194   3.414     2.790    2.443      2.491      +0.624        +0.312
    19   18007   3.437     2.895    2.488      2.512      +0.542        +0.271
    20   18629   3.430     2.832    2.474      2.505      +0.598        +0.299
    21   18384   3.406     2.855    2.460      2.498      +0.550        +0.275
    22   22331   3.458     2.813    2.436      2.469      +0.644        +0.322
    23   18553   3.429     2.743    2.360      2.402      +0.686        +0.343
    24   20113   3.341     2.632    2.261      2.308      +0.708        +0.354
    25   18871   3.366     2.459    2.114      2.142      +0.908        +0.454
    26   21416   3.370     2.334    2.008      2.019      +1.036        +0.518
    27   21340   3.309     2.343    1.934      1.946      +0.966        +0.483
    28   21713   3.456     2.404    1.900      1.908      +1.052        +0.526
    29   20666   3.247     2.260    1.887      1.890      +0.987        +0.494
  MEAN tip window 3.392  split window 2.780  tip mean load 2.398  split mean load 2.423 ms traced
  MEAN tip (window - mean load) 0.994 ms traced (measured t170 tracy-on: mat window 3.376 - mean mover zone 2.758 = 0.618, incl. launch skew)
  MEAN saving traced +0.612 ms/view, untraced +0.306 ms/view (min +0.030, max +0.581; 0 of 30 views slower)

## merge 0.015 us/rec
  view maxtile tip_win split_win tip_mean split_mean save_traced save_untraced
     0   22980   3.527     3.068    2.622      2.680      +0.459        +0.230
     1   19171   3.446     2.313    1.909      1.952      +1.133        +0.567
     2   18956   3.260     2.375    1.987      2.017      +0.885        +0.443
     3   18906   3.393     2.421    2.063      2.101      +0.972        +0.486
     4   17834   3.426     2.552    2.179      2.196      +0.874        +0.437
     5   20034   3.294     2.690    2.312      2.337      +0.603        +0.302
     6   22369   3.525     2.846    2.468      2.501      +0.679        +0.339
     7   21267   3.445     3.015    2.647      2.661      +0.430        +0.215
     8   21034   3.505     3.268    2.787      2.829      +0.237        +0.118
     9   19050   3.461     3.284    2.865      2.907      +0.177        +0.088
    10   19360   3.335     3.346    2.888      2.920      -0.011        -0.005
    11   19524   3.411     3.349    2.881      2.927      +0.063        +0.031
    12   20018   3.322     3.262    2.829      2.863      +0.060        +0.030
    13   20383   3.416     3.095    2.690      2.746      +0.321        +0.161
    14   20940   3.322     3.026    2.608      2.665      +0.296        +0.148
    15   21162   3.287     2.962    2.529      2.590      +0.324        +0.162
    16   19338   3.354     2.913    2.476      2.543      +0.441        +0.221
    17   19767   3.374     2.862    2.438      2.509      +0.512        +0.256
    18   18194   3.414     2.823    2.443      2.510      +0.592        +0.296
    19   18007   3.437     2.896    2.488      2.533      +0.540        +0.270
    20   18629   3.430     2.917    2.474      2.525      +0.513        +0.257
    21   18384   3.406     2.856    2.460      2.520      +0.550        +0.275
    22   22331   3.458     2.857    2.436      2.489      +0.601        +0.300
    23   18553   3.429     2.774    2.360      2.423      +0.655        +0.327
    24   20113   3.341     2.660    2.261      2.328      +0.680        +0.340
    25   18871   3.366     2.488    2.114      2.161      +0.879        +0.439
    26   21416   3.370     2.364    2.008      2.035      +1.006        +0.503
    27   21340   3.309     2.384    1.934      1.962      +0.925        +0.463
    28   21713   3.456     2.451    1.900      1.924      +1.005        +0.502
    29   20666   3.247     2.303    1.887      1.905      +0.943        +0.472
  MEAN tip window 3.392  split window 2.814  tip mean load 2.398  split mean load 2.442 ms traced
  MEAN tip (window - mean load) 0.994 ms traced (measured t170 tracy-on: mat window 3.376 - mean mover zone 2.758 = 0.618, incl. launch skew)
  MEAN saving traced +0.578 ms/view, untraced +0.289 ms/view (min -0.005, max +0.567; 1 of 30 views slower)

## merge 0.020 us/rec
  view maxtile tip_win split_win tip_mean split_mean save_traced save_untraced
     0   22980   3.527     3.107    2.622      2.702      +0.420        +0.210
     1   19171   3.446     2.350    1.909      1.969      +1.097        +0.548
     2   18956   3.260     2.389    1.987      2.034      +0.871        +0.436
     3   18906   3.393     2.448    2.063      2.118      +0.944        +0.472
     4   17834   3.426     2.576    2.179      2.212      +0.851        +0.425
     5   20034   3.294     2.759    2.312      2.355      +0.534        +0.267
     6   22369   3.525     2.872    2.468      2.520      +0.652        +0.326
     7   21267   3.445     3.045    2.647      2.681      +0.400        +0.200
     8   21034   3.505     3.254    2.787      2.850      +0.251        +0.126
     9   19050   3.461     3.315    2.865      2.929      +0.145        +0.073
    10   19360   3.335     3.352    2.888      2.942      -0.017        -0.009
    11   19524   3.411     3.402    2.881      2.949      +0.009        +0.005
    12   20018   3.322     3.297    2.829      2.884      +0.026        +0.013
    13   20383   3.416     3.142    2.690      2.767      +0.274        +0.137
    14   20940   3.322     3.025    2.608      2.685      +0.297        +0.148
    15   21162   3.287     3.001    2.529      2.609      +0.286        +0.143
    16   19338   3.354     2.921    2.476      2.561      +0.433        +0.217
    17   19767   3.374     2.938    2.438      2.528      +0.436        +0.218
    18   18194   3.414     2.838    2.443      2.529      +0.576        +0.288
    19   18007   3.437     2.929    2.488      2.553      +0.508        +0.254
    20   18629   3.430     2.927    2.474      2.546      +0.503        +0.252
    21   18384   3.406     2.907    2.460      2.541      +0.499        +0.249
    22   22331   3.458     2.920    2.436      2.510      +0.538        +0.269
    23   18553   3.429     2.826    2.360      2.444      +0.603        +0.301
    24   20113   3.341     2.694    2.261      2.348      +0.647        +0.323
    25   18871   3.366     2.511    2.114      2.180      +0.855        +0.428
    26   21416   3.370     2.403    2.008      2.052      +0.967        +0.483
    27   21340   3.309     2.429    1.934      1.978      +0.880        +0.440
    28   21713   3.456     2.515    1.900      1.940      +0.941        +0.471
    29   20666   3.247     2.338    1.887      1.920      +0.908        +0.454
  MEAN tip window 3.392  split window 2.848  tip mean load 2.398  split mean load 2.461 ms traced
  MEAN tip (window - mean load) 0.994 ms traced (measured t170 tracy-on: mat window 3.376 - mean mover zone 2.758 = 0.618, incl. launch skew)
  MEAN saving traced +0.544 ms/view, untraced +0.272 ms/view (min -0.009, max +0.548; 1 of 30 views slower)

## merge 0.025 us/rec
  view maxtile tip_win split_win tip_mean split_mean save_traced save_untraced
     0   22980   3.527     3.118    2.622      2.724      +0.409        +0.204
     1   19171   3.446     2.391    1.909      1.985      +1.056        +0.528
     2   18956   3.260     2.401    1.987      2.050      +0.859        +0.429
     3   18906   3.393     2.479    2.063      2.135      +0.913        +0.457
     4   17834   3.426     2.623    2.179      2.228      +0.803        +0.402
     5   20034   3.294     2.768    2.312      2.372      +0.525        +0.263
     6   22369   3.525     2.903    2.468      2.538      +0.622        +0.311
     7   21267   3.445     3.079    2.647      2.700      +0.366        +0.183
     8   21034   3.505     3.265    2.787      2.870      +0.240        +0.120
     9   19050   3.461     3.365    2.865      2.951      +0.096        +0.048
    10   19360   3.335     3.340    2.888      2.963      -0.005        -0.002
    11   19524   3.411     3.392    2.881      2.970      +0.019        +0.010
    12   20018   3.322     3.283    2.829      2.905      +0.039        +0.020
    13   20383   3.416     3.127    2.690      2.787      +0.289        +0.144
    14   20940   3.322     3.050    2.608      2.704      +0.272        +0.136
    15   21162   3.287     3.025    2.529      2.628      +0.262        +0.131
    16   19338   3.354     2.937    2.476      2.580      +0.417        +0.208
    17   19767   3.374     2.937    2.438      2.548      +0.437        +0.218
    18   18194   3.414     2.872    2.443      2.549      +0.542        +0.271
    19   18007   3.437     2.941    2.488      2.574      +0.496        +0.248
    20   18629   3.430     2.962    2.474      2.566      +0.468        +0.234
    21   18384   3.406     2.932    2.460      2.563      +0.474        +0.237
    22   22331   3.458     2.969    2.436      2.531      +0.489        +0.244
    23   18553   3.429     2.806    2.360      2.465      +0.622        +0.311
    24   20113   3.341     2.730    2.261      2.367      +0.610        +0.305
    25   18871   3.366     2.541    2.114      2.198      +0.825        +0.412
    26   21416   3.370     2.433    2.008      2.069      +0.936        +0.468
    27   21340   3.309     2.472    1.934      1.995      +0.837        +0.419
    28   21713   3.456     2.600    1.900      1.957      +0.856        +0.428
    29   20666   3.247     2.383    1.887      1.936      +0.864        +0.432
  MEAN tip window 3.392  split window 2.871  tip mean load 2.398  split mean load 2.480 ms traced
  MEAN tip (window - mean load) 0.994 ms traced (measured t170 tracy-on: mat window 3.376 - mean mover zone 2.758 = 0.618, incl. launch skew)
  MEAN saving traced +0.521 ms/view, untraced +0.261 ms/view (min -0.002, max +0.528; 1 of 30 views slower)

## merge 0.030 us/rec
  view maxtile tip_win split_win tip_mean split_mean save_traced save_untraced
     0   22980   3.527     3.156    2.622      2.746      +0.371        +0.185
     1   19171   3.446     2.430    1.909      2.001      +1.016        +0.508
     2   18956   3.260     2.436    1.987      2.066      +0.824        +0.412
     3   18906   3.393     2.497    2.063      2.152      +0.896        +0.448
     4   17834   3.426     2.646    2.179      2.244      +0.781        +0.390
     5   20034   3.294     2.788    2.312      2.390      +0.505        +0.253
     6   22369   3.525     2.926    2.468      2.555      +0.598        +0.299
     7   21267   3.445     3.112    2.647      2.719      +0.333        +0.167
     8   21034   3.505     3.294    2.787      2.892      +0.211        +0.105
     9   19050   3.461     3.383    2.865      2.973      +0.077        +0.039
    10   19360   3.335     3.384    2.888      2.985      -0.048        -0.024
    11   19524   3.411     3.430    2.881      2.991      -0.018        -0.009
    12   20018   3.322     3.341    2.829      2.927      -0.019        -0.009
    13   20383   3.416     3.188    2.690      2.807      +0.228        +0.114
    14   20940   3.322     3.086    2.608      2.725      +0.237        +0.118
    15   21162   3.287     3.056    2.529      2.647      +0.230        +0.115
    16   19338   3.354     2.981    2.476      2.599      +0.373        +0.187
    17   19767   3.374     2.975    2.438      2.567      +0.399        +0.200
    18   18194   3.414     2.907    2.443      2.569      +0.507        +0.253
    19   18007   3.437     2.980    2.488      2.594      +0.457        +0.228
    20   18629   3.430     3.012    2.474      2.586      +0.418        +0.209
    21   18384   3.406     2.948    2.460      2.585      +0.458        +0.229
    22   22331   3.458     2.987    2.436      2.551      +0.471        +0.235
    23   18553   3.429     2.832    2.360      2.486      +0.596        +0.298
    24   20113   3.341     2.753    2.261      2.387      +0.587        +0.294
    25   18871   3.366     2.581    2.114      2.216      +0.786        +0.393
    26   21416   3.370     2.481    2.008      2.086      +0.888        +0.444
    27   21340   3.309     2.512    1.934      2.012      +0.797        +0.398
    28   21713   3.456     2.608    1.900      1.973      +0.848        +0.424
    29   20666   3.247     2.429    1.887      1.952      +0.818        +0.409
  MEAN tip window 3.392  split window 2.905  tip mean load 2.398  split mean load 2.499 ms traced
  MEAN tip (window - mean load) 0.994 ms traced (measured t170 tracy-on: mat window 3.376 - mean mover zone 2.758 = 0.618, incl. launch skew)
  MEAN saving traced +0.488 ms/view, untraced +0.244 ms/view (min -0.024, max +0.508; 3 of 30 views slower)
python3 docs/mat-split-sort-model/model30.py --merges   24.32s user 0.50s system 84% cpu 29.478 total
