[gsplat_tt::sort] mover speed table: 110 cores from /localdev/smarton/gstt2-t166/docs/mover-speed-t177/tables/v1.txt
  x  y |   emitB  emitN |   brecB  brecN |   procB  procN |    recB   recN
  1  2 |   2.553  2.489 |   0.909  0.480 |   1.274  1.880 |    7622  12567
  2  2 |   2.582  2.458 |   1.055  0.474 |   1.291  1.864 |    7084  12421
  3  2 |   2.516  2.474 |   1.184  0.469 |   1.098  1.872 |    5951  12806
  4  2 |   2.430  2.561 |   1.120  0.504 |   1.081  1.945 |    6138  13152
  5  2 |   2.215  2.581 |   0.884  0.528 |   1.076  1.941 |    6759  12867
  6  2 |   2.414  2.439 |   0.891  0.497 |   1.307  1.811 |    8621  12137
 11  2 |   2.969  2.244 |   0.851  0.428 |   1.897  1.705 |   11924  11924
 12  2 |   3.079  2.279 |   0.950  0.443 |   1.935  1.710 |   11923  11922
 13  2 |   2.875  2.469 |   0.936  0.515 |   1.754  1.782 |   10850  12101
 14  2 |   2.695  2.601 |   0.879  0.671 |   1.629  1.781 |   10337  12068
 15  2 |   2.464  2.681 |   0.773  0.699 |   1.471  1.842 |    9597  12055
  1  3 |   2.447  2.537 |   0.583  0.498 |   1.611  1.934 |   10587  12759
  2  3 |   2.513  2.431 |   0.714  0.469 |   1.561  1.850 |    9871  12378
  3  3 |   2.614  2.426 |   0.872  0.463 |   1.570  1.847 |    9622  12591
  4  3 |   2.580  2.479 |   0.882  0.478 |   1.529  1.884 |    9526  12815
  5  3 |   2.454  2.542 |   0.806  0.502 |   1.471  1.919 |    9455  12842
  6  3 |   2.421  2.519 |   0.770  0.510 |   1.481  1.887 |    9788  12568
 11  3 |   2.660  2.352 |   0.696  0.455 |   1.811  1.782 |   11923  11923
 12  3 |   2.692  2.367 |   0.735  0.463 |   1.812  1.775 |   11922  11924
 13  3 |   2.536  2.554 |   0.664  0.537 |   1.670  1.864 |   11135  12543
 14  3 |   2.505  2.641 |   0.637  0.673 |   1.661  1.813 |   11124  12423
 15  3 |   2.451  2.601 |   0.626  0.654 |   1.644  1.795 |   10970  12186
  1  4 |   2.475  2.486 |   0.488  0.487 |   1.816  1.885 |   12114  12684
  2  4 |   2.471  2.462 |   0.502  0.483 |   1.787  1.860 |   11948  12399
  3  4 |   2.506  2.467 |   0.526  0.487 |   1.794  1.858 |   11768  12352
  4  4 |   2.522  2.481 |   0.556  0.498 |   1.790  1.851 |   11733  12208
  5  4 |   2.550  2.459 |   0.589  0.497 |   1.815  1.832 |   11842  12386
  6  4 |   2.474  2.450 |   0.557  0.509 |   1.756  1.796 |   11757  11922
 11  4 |   2.518  2.398 |   0.531  0.479 |   1.814  1.798 |   11923  11924
 12  4 |   2.522  2.418 |   0.544  0.495 |   1.815  1.790 |   11922  11923
 13  4 |   2.516  2.510 |   0.551  0.543 |   1.797  1.799 |   11913  12112
 14  4 |   2.486  2.666 |   0.546  0.744 |   1.774  1.801 |   11876  11957
 15  4 |   2.505  2.706 |   0.560  0.776 |   1.789  1.818 |   11924  11900
  1  5 |   2.506  2.459 |   0.481  0.475 |   1.868  1.867 |   12388  12422
  2  5 |   2.520  2.448 |   0.493  0.472 |   1.874  1.860 |   12402  12446
  3  5 |   2.507  2.476 |   0.487  0.478 |   1.850  1.871 |   12233  12435
  4  5 |   2.500  2.470 |   0.488  0.480 |   1.845  1.860 |   12211  12339
  5  5 |   2.493  2.462 |   0.492  0.484 |   1.840  1.842 |   12176  12159
  6  5 |   2.496  2.459 |   0.501  0.491 |   1.846  1.820 |   12150  11993
 11  5 |   2.428  2.397 |   0.477  0.475 |   1.814  1.807 |   11924  11923
 12  5 |   2.412  2.432 |   0.475  0.490 |   1.796  1.804 |   11925  11923
 13  5 |   2.493  2.557 |   0.500  0.573 |   1.852  1.850 |   12233  12186
 14  5 |   2.497  2.766 |   0.508  0.823 |   1.852  1.833 |   12265  11890
 15  5 |   2.477  2.765 |   0.506  0.819 |   1.834  1.826 |   12173  11731
  1  6 |   2.473  2.486 |   0.491  0.482 |   1.867  1.885 |   12353  12472
  2  6 |   2.479  2.476 |   0.496  0.480 |   1.866  1.880 |   12315  12436
  3  6 |   2.484  2.498 |   0.497  0.483 |   1.867  1.891 |   12329  12555
  4  6 |   2.474  2.493 |   0.493  0.482 |   1.859  1.877 |   12377  12494
  5  6 |   2.480  2.481 |   0.494  0.481 |   1.867  1.857 |   12412  12377
  6  6 |   2.481  2.458 |   0.494  0.486 |   1.872  1.826 |   12461  12161
 11  6 |   2.369  2.359 |   0.457  0.455 |   1.790  1.783 |   11921  11924
 12  6 |   2.379  2.378 |   0.461  0.460 |   1.795  1.776 |   11923  11923
 13  6 |   2.490  2.541 |   0.486  0.527 |   1.881  1.843 |   12552  12259
 14  6 |   2.491  2.782 |   0.489  0.784 |   1.881  1.858 |   12530  12080
 15  6 |   2.484  2.787 |   0.492  0.788 |   1.872  1.854 |   12506  11888
  1  7 |   2.481  2.481 |   0.486  0.483 |   1.891  1.884 |   12554  12436
  2  7 |   2.481  2.478 |   0.491  0.483 |   1.883  1.880 |   12494  12413
  3  7 |   2.482  2.487 |   0.492  0.486 |   1.883  1.880 |   12518  12423
  4  7 |   2.476  2.491 |   0.490  0.487 |   1.877  1.870 |   12471  12402
  5  7 |   2.475  2.483 |   0.480  0.481 |   1.875  1.848 |   12434  12221
  6  7 |   2.479  2.475 |   0.483  0.485 |   1.878  1.826 |   12436  12079
 11  7 |   2.369  2.383 |   0.459  0.462 |   1.798  1.798 |   11921  11925
 12  7 |   2.377  2.416 |   0.462  0.465 |   1.803  1.799 |   11923  11923
 13  7 |   2.491  2.533 |   0.486  0.499 |   1.891  1.839 |   12494  12127
 14  7 |   2.473  2.716 |   0.482  0.729 |   1.878  1.841 |   12436  11887
 15  7 |   2.469  2.750 |   0.481  0.747 |   1.875  1.848 |   12434  11840
  1  8 |   2.482  2.479 |   0.486  0.480 |   1.896  1.884 |   12518  12485
  2  8 |   2.488  2.472 |   0.490  0.479 |   1.899  1.879 |   12601  12485
  3  8 |   2.483  2.480 |   0.489  0.482 |   1.891  1.878 |   12613  12425
  4  8 |   2.483  2.484 |   0.480  0.481 |   1.890  1.872 |   12590  12340
  5  8 |   2.482  2.479 |   0.481  0.482 |   1.889  1.850 |   12580  12208
  6  8 |   2.476  2.476 |   0.480  0.488 |   1.885  1.831 |   12567  12089
 11  8 |   2.351  2.394 |   0.455  0.463 |   1.788  1.807 |   11922  11926
 12  8 |   2.366  2.430 |   0.460  0.467 |   1.799  1.813 |   11922  11921
 13  8 |   2.497  2.525 |   0.488  0.487 |   1.901  1.839 |   12533  12078
 14  8 |   2.483  2.673 |   0.485  0.674 |   1.891  1.845 |   12506  11814
 15  8 |   2.474  2.738 |   0.484  0.716 |   1.883  1.870 |   12450  11839
  1  9 |   2.480  2.482 |   0.485  0.483 |   1.896  1.888 |   12543  12413
  2  9 |   2.480  2.484 |   0.488  0.484 |   1.893  1.888 |   12493  12401
  3  9 |   2.482  2.487 |   0.482  0.481 |   1.892  1.885 |   12556  12447
  4  9 |   2.478  2.489 |   0.482  0.480 |   1.890  1.878 |   12556  12412
  5  9 |   2.479  2.485 |   0.481  0.479 |   1.890  1.856 |   12578  12303
  6  9 |   2.479  2.479 |   0.481  0.481 |   1.891  1.837 |   12617  12150
 11  9 |   2.340  2.392 |   0.453  0.463 |   1.784  1.808 |   11922  11924
 12  9 |   2.337  2.414 |   0.452  0.462 |   1.782  1.805 |   11923  11921
 13  9 |   2.482  2.522 |   0.483  0.478 |   1.896  1.840 |   12604  12138
 14  9 |   2.475  2.629 |   0.481  0.617 |   1.891  1.855 |   12627  11886
 15  9 |   2.496  2.697 |   0.488  0.661 |   1.905  1.887 |   12579  11970
  1 10 |   2.481  2.478 |   0.485  0.489 |   1.896  1.875 |   12544  12305
  2 10 |   2.482  2.479 |   0.486  0.490 |   1.896  1.872 |   12507  12293
  3 10 |   2.478  2.485 |   0.483  0.493 |   1.890  1.867 |   12518  12269
  4 10 |   2.479  2.483 |   0.483  0.496 |   1.890  1.852 |   12531  12231
  5 10 |   2.485  2.474 |   0.484  0.497 |   1.894  1.828 |   12546  12148
  6 10 |   2.481  2.463 |   0.483  0.504 |   1.891  1.801 |   12531  11972
 11 10 |   2.364  2.385 |   0.461  0.474 |   1.801  1.791 |   11922  11922
 12 10 |   2.344  2.429 |   0.455  0.484 |   1.787  1.796 |   11923  11924
 13 10 |   2.456  2.542 |   0.478  0.522 |   1.875  1.848 |   12518  12197
 14 10 |   2.470  2.565 |   0.481  0.574 |   1.887  1.810 |   12616  11827
 15 10 |   2.490  2.625 |   0.486  0.634 |   1.903  1.829 |   12638  11841
  1 11 |   2.479  2.484 |   0.485  0.482 |   1.896  1.886 |   12541  12436
  2 11 |   2.479  2.483 |   0.484  0.481 |   1.895  1.886 |   12543  12531
  3 11 |   2.478  2.480 |   0.485  0.480 |   1.896  1.880 |   12521  12518
  4 11 |   2.481  2.480 |   0.487  0.482 |   1.896  1.875 |   12447  12447
  5 11 |   2.482  2.481 |   0.485  0.491 |   1.894  1.863 |   12484  12399
  6 11 |   2.481  2.476 |   0.486  0.504 |   1.894  1.840 |   12471  12198
 11 11 |   2.368  2.372 |   0.463  0.464 |   1.806  1.794 |   11922  11925
 12 11 |   2.355  2.419 |   0.460  0.482 |   1.798  1.809 |   11921  11924
 13 11 |   2.464  2.556 |   0.481  0.545 |   1.884  1.883 |   12495  12425
 14 11 |   2.475  2.588 |   0.484  0.616 |   1.891  1.829 |   12554  12102
 15 11 |   2.487  2.540 |   0.486  0.580 |   1.903  1.796 |   12591  11971

per row y: mean (max) of emitB emitN brecB brecN, mean recB recN
y= 2 n=11  2.617( 3.079)  2.479( 2.681)  0.948( 1.184)  0.519( 0.699)  rec   8800  12365
y= 3 n=11  2.534( 2.692)  2.495( 2.641)  0.726( 0.882)  0.518( 0.673)  rec  10538  12450
y= 4 n=11  2.504( 2.550)  2.500( 2.706)  0.541( 0.589)  0.545( 0.776)  rec  11884  12161
y= 5 n=11  2.484( 2.520)  2.517( 2.766)  0.492( 0.508)  0.551( 0.823)  rec  12189  12132
y= 6 n=11  2.462( 2.491)  2.522( 2.787)  0.486( 0.497)  0.537( 0.788)  rec  12334  12234
y= 7 n=11  2.459( 2.491)  2.517( 2.750)  0.481( 0.492)  0.528( 0.747)  rec  12374  12152
y= 8 n=11  2.460( 2.497)  2.512( 2.738)  0.480( 0.490)  0.518( 0.716)  rec  12437  12146
y= 9 n=11  2.455( 2.496)  2.505( 2.697)  0.478( 0.488)  0.506( 0.661)  rec  12454  12179
y=10 n=11  2.455( 2.490)  2.492( 2.625)  0.478( 0.486)  0.514( 0.634)  rec  12436  12084
y=11 n=11  2.457( 2.487)  2.487( 2.588)  0.480( 0.487)  0.510( 0.616)  rec  12408  12261

emit window (first start -> last end) mean over 30 launches: 3.091 ms
  last to end: (12, 2, 'BRISC') 26x
  last to end: (14, 6, 'NCRISC') 2x
  last to end: (15, 2, 'NCRISC') 1x
  last to end: (15, 6, 'NCRISC') 1x

predicted emit (pages in proportion to speed): 2.492 ms/view; max now 3.079
// {x, y, BRISC, NCRISC} relative speed (records per cycle, mean mover = 1000)
    {1, 2, 620, 1048},
    {2, 2, 570, 1050},
    {3, 2, 491, 1075},
    {4, 2, 524, 1066},
    {5, 2, 634, 1035},
    {6, 2, 742, 1033},
    {11, 2, 834, 1104},
    {12, 2, 804, 1086},
    {13, 2, 784, 1018},
    {14, 2, 797, 963},
    {15, 2, 809, 934},
    {1, 3, 898, 1044},
    {2, 3, 816, 1057},
    {3, 3, 764, 1078},
    {4, 3, 767, 1073},
    {5, 3, 800, 1049},
    {6, 3, 840, 1036},
    {11, 3, 931, 1053},
    {12, 3, 919, 1046},
    {13, 3, 912, 1020},
    {14, 3, 922, 977},
    {15, 3, 929, 973},
    {1, 4, 1016, 1059},
    {2, 4, 1004, 1046},
    {3, 4, 975, 1040},
    {4, 4, 966, 1022},
    {5, 4, 964, 1046},
    {6, 4, 987, 1010},
    {11, 4, 983, 1033},
    {12, 4, 982, 1024},
    {13, 4, 983, 1002},
    {14, 4, 992, 931},
    {15, 4, 988, 913},
    {1, 5, 1026, 1049},
    {2, 5, 1022, 1056},
    {3, 5, 1013, 1043},
    {4, 5, 1014, 1037},
    {5, 5, 1014, 1026},
    {6, 5, 1011, 1013},
    {11, 5, 1020, 1033},
    {12, 5, 1027, 1018},
    {13, 5, 1019, 990},
    {14, 5, 1020, 893},
    {15, 5, 1020, 881},
    {1, 6, 1037, 1042},
    {2, 6, 1031, 1043},
    {3, 6, 1031, 1043},
    {4, 6, 1039, 1041},
    {5, 6, 1039, 1036},
    {6, 6, 1043, 1027},
    {11, 6, 1045, 1049},
    {12, 6, 1041, 1041},
    {13, 6, 1047, 1002},
    {14, 6, 1044, 902},
    {15, 6, 1046, 886},
    {1, 7, 1051, 1041},
    {2, 7, 1046, 1040},
    {3, 7, 1047, 1037},
    {4, 7, 1046, 1034},
    {5, 7, 1043, 1022},
    {6, 7, 1042, 1013},
    {11, 7, 1045, 1039},
    {12, 7, 1042, 1025},
    {13, 7, 1042, 994},
    {14, 7, 1044, 909},
    {15, 7, 1046, 894},
    {1, 8, 1047, 1046},
    {2, 8, 1051, 1049},
    {3, 8, 1055, 1040},
    {4, 8, 1053, 1031},
    {5, 8, 1053, 1022},
    {6, 8, 1054, 1014},
    {11, 8, 1053, 1034},
    {12, 8, 1046, 1019},
    {13, 8, 1042, 993},
    {14, 8, 1046, 918},
    {15, 8, 1045, 898},
    {1, 9, 1050, 1039},
    {2, 9, 1046, 1037},
    {3, 9, 1051, 1039},
    {4, 9, 1052, 1036},
    {5, 9, 1054, 1028},
    {6, 9, 1057, 1018},
    {11, 9, 1058, 1035},
    {12, 9, 1059, 1026},
    {13, 9, 1055, 999},
    {14, 9, 1059, 939},
    {15, 9, 1047, 922},
    {1, 10, 1050, 1031},
    {2, 10, 1046, 1030},
    {3, 10, 1049, 1025},
    {4, 10, 1049, 1023},
    {5, 10, 1048, 1020},
    {6, 10, 1049, 1009},
    {11, 10, 1047, 1038},
    {12, 10, 1056, 1019},
    {13, 10, 1058, 996},
    {14, 10, 1061, 957},
    {15, 10, 1054, 937},
    {1, 11, 1051, 1040},
    {2, 11, 1051, 1048},
    {3, 11, 1049, 1048},
    {4, 11, 1042, 1042},
    {5, 11, 1045, 1038},
    {6, 11, 1044, 1023},
    {11, 11, 1045, 1044},
    {12, 11, 1051, 1024},
    {13, 11, 1053, 1010},
    {14, 11, 1053, 971},
    {15, 11, 1051, 978},
