[gsplat_tt::sort] mover speed table: 110 cores from /localdev/smarton/gstt2-t166/docs/mover-speed-t177/tables/v2.txt
  x  y |   emitB  emitN |   brecB  brecN |   procB  procN |    recB   recN
  1  2 |   2.525  2.475 |   0.888  0.481 |   1.211  1.883 |    7192  12589
  2  2 |   2.552  2.447 |   1.033  0.473 |   1.226  1.868 |    6445  12590
  3  2 |   2.526  2.473 |   1.172  0.473 |   1.098  1.889 |    5808  12900
  4  2 |   2.541  2.502 |   1.172  0.486 |   1.152  1.904 |    6492  12792
  5  2 |   2.492  2.488 |   1.005  0.493 |   1.257  1.873 |    7874  12421
  6  2 |   2.514  2.478 |   0.934  0.508 |   1.364  1.850 |    8904  12397
 11  2 |   2.649  2.480 |   0.777  0.474 |   1.642  1.886 |   10009  13250
 12  2 |   2.669  2.515 |   0.864  0.495 |   1.605  1.882 |    9648  13031
 13  2 |   2.607  2.502 |   0.868  0.527 |   1.537  1.812 |    9410  12215
 14  2 |   2.545  2.559 |   0.824  0.674 |   1.500  1.746 |    9567  11567
 15  2 |   2.430  2.518 |   0.728  0.655 |   1.448  1.718 |    9708  11211
  1  3 |   2.561  2.446 |   0.668  0.474 |   1.666  1.872 |   10777  12530
  2  3 |   2.657  2.410 |   0.842  0.460 |   1.631  1.846 |    9791  12684
  3  3 |   2.623  2.503 |   0.916  0.483 |   1.523  1.913 |    9168  12937
  4  3 |   2.547  2.532 |   0.885  0.492 |   1.490  1.930 |    9207  12887
  5  3 |   2.544  2.487 |   0.839  0.485 |   1.492  1.888 |    9602  12589
  6  3 |   2.533  2.461 |   0.806  0.488 |   1.535  1.853 |   10081  12433
 11  3 |   2.623  2.466 |   0.708  0.476 |   1.728  1.871 |   11172  12638
 12  3 |   2.650  2.454 |   0.750  0.477 |   1.714  1.843 |   11040  12554
 13  3 |   2.604  2.438 |   0.726  0.499 |   1.684  1.792 |   10944  12241
 14  3 |   2.595  2.473 |   0.723  0.602 |   1.686  1.704 |   11065  11726
 15  3 |   2.501  2.516 |   0.675  0.626 |   1.655  1.746 |   11149  11675
  1  4 |   2.483  2.495 |   0.482  0.490 |   1.800  1.900 |   12193  12721
  2  4 |   2.531  2.462 |   0.512  0.484 |   1.816  1.871 |   12049  12556
  3  4 |   2.534  2.479 |   0.514  0.494 |   1.781  1.878 |   11700  12479
  4  4 |   2.526  2.466 |   0.521  0.499 |   1.768  1.858 |   11595  12263
  5  4 |   2.548  2.520 |   0.552  0.516 |   1.776  1.885 |   11570  12552
  6  4 |   2.523  2.450 |   0.554  0.508 |   1.773  1.812 |   11845  12134
 11  4 |   2.538  2.505 |   0.528  0.500 |   1.795  1.875 |   11796  12396
 12  4 |   2.547  2.506 |   0.547  0.509 |   1.791  1.852 |   11786  12287
 13  4 |   2.542  2.487 |   0.551  0.542 |   1.781  1.801 |   11797  12025
 14  4 |   2.526  2.493 |   0.550  0.686 |   1.773  1.681 |   11905  11174
 15  4 |   2.534  2.498 |   0.563  0.695 |   1.776  1.676 |   11869  10956
  1  5 |   2.546  2.478 |   0.475  0.481 |   1.857  1.891 |   12325  12588
  2  5 |   2.557  2.487 |   0.484  0.483 |   1.858  1.900 |   12266  12674
  3  5 |   2.520  2.480 |   0.475  0.484 |   1.826  1.890 |   12156  12516
  4  5 |   2.540  2.472 |   0.482  0.484 |   1.834  1.879 |   12171  12444
  5  5 |   2.545  2.467 |   0.493  0.488 |   1.843  1.860 |   12169  12310
  6  5 |   2.545  2.481 |   0.495  0.500 |   1.843  1.847 |   12135  12157
 11  5 |   2.546  2.510 |   0.491  0.494 |   1.861  1.885 |   12242  12397
 12  5 |   2.550  2.493 |   0.496  0.498 |   1.860  1.849 |   12322  12219
 13  5 |   2.541  2.500 |   0.500  0.536 |   1.849  1.806 |   12227  11882
 14  5 |   2.534  2.518 |   0.504  0.738 |   1.848  1.651 |   12241  10717
 15  5 |   2.524  2.516 |   0.509  0.735 |   1.847  1.641 |   12254  10573
  1  6 |   2.544  2.481 |   0.494  0.485 |   1.878  1.895 |   12444  12506
  2  6 |   2.546  2.487 |   0.500  0.486 |   1.880  1.900 |   12385  12517
  3  6 |   2.542  2.489 |   0.500  0.487 |   1.872  1.898 |   12372  12528
  4  6 |   2.536  2.475 |   0.499  0.484 |   1.872  1.884 |   12470  12492
  5  6 |   2.535  2.477 |   0.500  0.486 |   1.870  1.872 |   12470  12433
  6  6 |   2.536  2.474 |   0.499  0.488 |   1.876  1.853 |   12516  12326
 11  6 |   2.536  2.511 |   0.482  0.482 |   1.884  1.884 |   12540  12600
 12  6 |   2.529  2.522 |   0.482  0.486 |   1.876  1.871 |   12494  12492
 13  6 |   2.524  2.491 |   0.485  0.504 |   1.880  1.806 |   12565  12025
 14  6 |   2.525  2.505 |   0.492  0.687 |   1.886  1.658 |   12541  10824
 15  6 |   2.522  2.496 |   0.498  0.675 |   1.890  1.653 |   12553  10634
  1  7 |   2.543  2.464 |   0.491  0.481 |   1.903  1.882 |   12613  12492
  2  7 |   2.547  2.465 |   0.499  0.482 |   1.903  1.881 |   12554  12479
  3  7 |   2.548  2.460 |   0.500  0.483 |   1.902  1.874 |   12567  12445
  4  7 |   2.543  2.463 |   0.502  0.485 |   1.897  1.871 |   12553  12407
  5  7 |   2.524  2.465 |   0.484  0.482 |   1.884  1.855 |   12517  12265
  6  7 |   2.522  2.473 |   0.488  0.484 |   1.889  1.843 |   12504  12169
 11  7 |   2.521  2.510 |   0.484  0.482 |   1.889  1.882 |   12542  12469
 12  7 |   2.514  2.518 |   0.485  0.482 |   1.886  1.860 |   12503  12304
 13  7 |   2.516  2.490 |   0.487  0.488 |   1.893  1.809 |   12504  11929
 14  7 |   2.503  2.512 |   0.485  0.657 |   1.889  1.690 |   12529  10907
 15  7 |   2.498  2.516 |   0.488  0.660 |   1.891  1.681 |   12555  10727
  1  8 |   2.493  2.483 |   0.485  0.484 |   1.895  1.896 |   12566  12552
  2  8 |   2.522  2.469 |   0.496  0.480 |   1.912  1.886 |   12626  12590
  3  8 |   2.524  2.452 |   0.497  0.477 |   1.911  1.871 |   12661  12478
  4  8 |   2.523  2.448 |   0.490  0.475 |   1.910  1.863 |   12638  12383
  5  8 |   2.520  2.453 |   0.491  0.479 |   1.911  1.850 |   12637  12279
  6  8 |   2.508  2.464 |   0.487  0.482 |   1.904  1.837 |   12647  12168
 11  8 |   2.496  2.508 |   0.484  0.479 |   1.898  1.877 |   12637  12421
 12  8 |   2.498  2.507 |   0.487  0.476 |   1.897  1.855 |   12553  12230
 13  8 |   2.503  2.471 |   0.489  0.479 |   1.901  1.809 |   12506  11916
 14  8 |   2.500  2.500 |   0.490  0.616 |   1.902  1.714 |   12553  11017
 15  8 |   2.497  2.511 |   0.489  0.635 |   1.900  1.706 |   12542  10775
  1  9 |   2.495  2.472 |   0.489  0.482 |   1.906  1.888 |   12603  12467
  2  9 |   2.500  2.475 |   0.493  0.484 |   1.907  1.890 |   12556  12444
  3  9 |   2.507  2.465 |   0.489  0.478 |   1.911  1.880 |   12612  12470
  4  9 |   2.503  2.467 |   0.488  0.479 |   1.908  1.877 |   12626  12432
  5  9 |   2.496  2.471 |   0.486  0.479 |   1.904  1.862 |   12648  12337
  6  9 |   2.496  2.465 |   0.486  0.477 |   1.904  1.842 |   12687  12215
 11  9 |   2.495  2.505 |   0.485  0.480 |   1.904  1.878 |   12696  12422
 12  9 |   2.500  2.511 |   0.486  0.476 |   1.908  1.860 |   12721  12312
 13  9 |   2.495  2.479 |   0.485  0.472 |   1.905  1.818 |   12661  11990
 14  9 |   2.497  2.482 |   0.485  0.568 |   1.904  1.754 |   12721  11270
 15  9 |   2.497  2.503 |   0.489  0.595 |   1.905  1.740 |   12564  11064
  1 10 |   2.496  2.470 |   0.488  0.489 |   1.908  1.880 |   12602  12372
  2 10 |   2.496  2.474 |   0.489  0.492 |   1.906  1.881 |   12553  12362
  3 10 |   2.498  2.466 |   0.487  0.493 |   1.905  1.868 |   12588  12301
  4 10 |   2.500  2.467 |   0.488  0.498 |   1.905  1.859 |   12600  12276
  5 10 |   2.492  2.473 |   0.485  0.502 |   1.898  1.845 |   12579  12241
  6 10 |   2.491  2.475 |   0.485  0.510 |   1.900  1.820 |   12589  12109
 11 10 |   2.490  2.508 |   0.486  0.495 |   1.900  1.871 |   12565  12457
 12 10 |   2.486  2.515 |   0.484  0.497 |   1.899  1.842 |   12671  12229
 13 10 |   2.491  2.503 |   0.485  0.504 |   1.902  1.808 |   12698  11952
 14 10 |   2.495  2.477 |   0.486  0.550 |   1.907  1.757 |   12732  11497
 15 10 |   2.490  2.498 |   0.485  0.586 |   1.901  1.737 |   12649  11246
  1 11 |   2.493  2.482 |   0.488  0.485 |   1.907  1.894 |   12612  12481
  2 11 |   2.486  2.496 |   0.485  0.487 |   1.900  1.905 |   12614  12575
  3 11 |   2.479  2.486 |   0.484  0.484 |   1.896  1.894 |   12589  12577
  4 11 |   2.489  2.479 |   0.488  0.485 |   1.902  1.886 |   12506  12505
  5 11 |   2.490  2.477 |   0.486  0.490 |   1.900  1.871 |   12542  12456
  6 11 |   2.494  2.473 |   0.488  0.503 |   1.904  1.850 |   12528  12277
 11 11 |   2.491  2.490 |   0.487  0.487 |   1.903  1.885 |   12554  12528
 12 11 |   2.489  2.482 |   0.487  0.496 |   1.904  1.865 |   12614  12286
 13 11 |   2.487  2.491 |   0.486  0.517 |   1.902  1.836 |   12639  12122
 14 11 |   2.494  2.490 |   0.488  0.580 |   1.906  1.760 |   12637  11652
 15 11 |   2.493  2.489 |   0.487  0.566 |   1.907  1.762 |   12613  11749

per row y: mean (max) of emitB emitN brecB brecN, mean recB recN
y= 2 n=11  2.550( 2.669)  2.494( 2.559)  0.933( 1.172)  0.522( 0.674)  rec   8278  12451
y= 3 n=11  2.585( 2.657)  2.471( 2.532)  0.776( 0.916)  0.506( 0.626)  rec  10363  12445
y= 4 n=11  2.530( 2.548)  2.487( 2.520)  0.534( 0.563)  0.538( 0.695)  rec  11828  12140
y= 5 n=11  2.541( 2.557)  2.491( 2.518)  0.491( 0.509)  0.538( 0.738)  rec  12228  12043
y= 6 n=11  2.534( 2.546)  2.492( 2.522)  0.494( 0.500)  0.523( 0.687)  rec  12486  12125
y= 7 n=11  2.525( 2.548)  2.485( 2.518)  0.490( 0.502)  0.515( 0.660)  rec  12540  12054
y= 8 n=11  2.508( 2.524)  2.479( 2.511)  0.490( 0.497)  0.506( 0.635)  rec  12597  12074
y= 9 n=11  2.498( 2.507)  2.481( 2.511)  0.487( 0.493)  0.497( 0.595)  rec  12645  12129
y=10 n=11  2.493( 2.500)  2.484( 2.515)  0.486( 0.489)  0.511( 0.586)  rec  12620  12095
y=11 n=11  2.490( 2.494)  2.485( 2.496)  0.487( 0.488)  0.507( 0.580)  rec  12586  12292

emit window (first start -> last end) mean over 30 launches: 2.789 ms
  last to end: (12, 2, 'BRISC') 6x
  last to end: (2, 3, 'BRISC') 5x
  last to end: (11, 3, 'BRISC') 3x
  last to end: (1, 5, 'BRISC') 2x
  last to end: (12, 3, 'BRISC') 2x
  last to end: (11, 2, 'BRISC') 2x
  last to end: (11, 4, 'BRISC') 1x
  last to end: (2, 2, 'BRISC') 1x

predicted emit (pages in proportion to speed): 2.503 ms/view; max now 2.669
// {x, y, BRISC, NCRISC} relative speed (records per cycle, mean mover = 1000)
    {1, 2, 594, 1061},
    {2, 2, 527, 1073},
    {3, 2, 480, 1088},
    {4, 2, 533, 1066},
    {5, 2, 659, 1041},
    {6, 2, 739, 1044},
    {11, 2, 788, 1114},
    {12, 2, 754, 1081},
    {13, 2, 753, 1019},
    {14, 2, 784, 943},
    {15, 2, 833, 929},
    {1, 3, 878, 1068},
    {2, 3, 769, 1098},
    {3, 3, 729, 1078},
    {4, 3, 754, 1062},
    {5, 3, 787, 1056},
    {6, 3, 830, 1054},
    {11, 3, 889, 1069},
    {12, 3, 869, 1067},
    {13, 3, 877, 1047},
    {14, 3, 889, 989},
    {15, 3, 930, 968},
    {1, 4, 1024, 1064},
    {2, 4, 993, 1064},
    {3, 4, 963, 1050},
    {4, 4, 958, 1037},
    {5, 4, 947, 1039},
    {6, 4, 979, 1033},
    {11, 4, 969, 1032},
    {12, 4, 965, 1023},
    {13, 4, 968, 1008},
    {14, 4, 983, 935},
    {15, 4, 977, 915},
    {1, 5, 1010, 1060},
    {2, 5, 1000, 1063},
    {3, 5, 1006, 1053},
    {4, 5, 1000, 1050},
    {5, 5, 997, 1041},
    {6, 5, 995, 1022},
    {11, 5, 1003, 1030},
    {12, 5, 1008, 1023},
    {13, 5, 1004, 991},
    {14, 5, 1008, 888},
    {15, 5, 1013, 876},
    {1, 6, 1020, 1052},
    {2, 6, 1015, 1050},
    {3, 6, 1015, 1050},
    {4, 6, 1026, 1053},
    {5, 6, 1026, 1047},
    {6, 6, 1030, 1039},
    {11, 6, 1032, 1047},
    {12, 6, 1031, 1033},
    {13, 6, 1038, 1007},
    {14, 6, 1036, 901},
    {15, 6, 1038, 889},
    {1, 7, 1034, 1058},
    {2, 7, 1028, 1056},
    {3, 7, 1029, 1055},
    {4, 7, 1030, 1051},
    {5, 7, 1035, 1038},
    {6, 7, 1034, 1026},
    {11, 7, 1038, 1036},
    {12, 7, 1037, 1019},
    {13, 7, 1037, 999},
    {14, 7, 1044, 906},
    {15, 7, 1048, 889},
    {1, 8, 1051, 1054},
    {2, 8, 1044, 1064},
    {3, 8, 1046, 1062},
    {4, 8, 1045, 1055},
    {5, 8, 1046, 1044},
    {6, 8, 1052, 1030},
    {11, 8, 1056, 1033},
    {12, 8, 1048, 1018},
    {13, 8, 1042, 1006},
    {14, 8, 1047, 919},
    {15, 8, 1048, 895},
    {1, 9, 1054, 1052},
    {2, 9, 1048, 1049},
    {3, 9, 1049, 1055},
    {4, 9, 1052, 1051},
    {5, 9, 1057, 1041},
    {6, 9, 1060, 1033},
    {11, 9, 1061, 1035},
    {12, 9, 1061, 1023},
    {13, 9, 1059, 1009},
    {14, 9, 1063, 947},
    {15, 9, 1050, 922},
    {1, 10, 1053, 1045},
    {2, 10, 1049, 1042},
    {3, 10, 1051, 1041},
    {4, 10, 1051, 1038},
    {5, 10, 1053, 1033},
    {6, 10, 1054, 1020},
    {11, 10, 1053, 1036},
    {12, 10, 1063, 1014},
    {13, 10, 1063, 996},
    {14, 10, 1064, 968},
    {15, 10, 1060, 939},
    {1, 11, 1055, 1049},
    {2, 11, 1058, 1051},
    {3, 11, 1059, 1055},
    {4, 11, 1048, 1052},
    {5, 11, 1051, 1049},
    {6, 11, 1048, 1036},
    {11, 11, 1051, 1050},
    {12, 11, 1057, 1033},
    {13, 11, 1060, 1015},
    {14, 11, 1057, 976},
    {15, 11, 1056, 985},
