  x  y |   emitB  emitN |   brecB  brecN |   procB  procN |    recB   recN
  1  2 |   3.398  2.360 |   1.119  0.455 |   1.958  1.788 |   12004  12006
  2  2 |   3.520  2.389 |   1.288  0.461 |   2.036  1.810 |   12003  12006
  3  2 |   3.544  2.396 |   1.368  0.462 |   1.995  1.811 |   12003  12006
  4  2 |   3.378  2.401 |   1.297  0.465 |   1.911  1.809 |   12003  12006
  5  2 |   3.211  2.419 |   1.226  0.479 |   1.829  1.815 |   12003  12006
  6  2 |   3.149  2.351 |   1.186  0.475 |   1.819  1.760 |   12003  12006
 11  2 |   3.055  2.280 |   0.875  0.434 |   1.959  1.728 |   12003  12006
 12  2 |   3.140  2.369 |   0.990  0.460 |   1.957  1.757 |   12003  12006
 13  2 |   3.109  2.406 |   1.002  0.485 |   1.923  1.739 |   12003  12006
 14  2 |   3.067  2.550 |   0.984  0.636 |   1.890  1.775 |   12003  12006
 15  2 |   2.966  2.578 |   0.927  0.634 |   1.845  1.803 |   12003  12006
  1  3 |   2.769  2.401 |   0.724  0.467 |   1.867  1.822 |   12002  12006
  2  3 |   2.927  2.388 |   0.866  0.462 |   1.909  1.813 |   12002  12006
  3  3 |   2.999  2.352 |   0.963  0.452 |   1.885  1.789 |   12002  12006
  4  3 |   3.003  2.336 |   0.994  0.448 |   1.862  1.776 |   12002  12006
  5  3 |   3.008  2.334 |   1.008  0.446 |   1.860  1.765 |   12001  12006
  6  3 |   2.958  2.353 |   0.974  0.458 |   1.850  1.764 |   12001  12006
 11  3 |   2.770  2.326 |   0.775  0.443 |   1.853  1.757 |   12001  12006
 12  3 |   2.775  2.307 |   0.777  0.442 |   1.853  1.730 |   12001  12006
 13  3 |   2.721  2.422 |   0.744  0.495 |   1.806  1.767 |   12001  12006
 14  3 |   2.677  2.598 |   0.726  0.656 |   1.783  1.810 |   12001  12006
 15  3 |   2.666  2.583 |   0.732  0.636 |   1.794  1.812 |   12001  12006
  1  4 |   2.483  2.390 |   0.487  0.468 |   1.819  1.807 |   12001  12006
  2  4 |   2.512  2.411 |   0.526  0.477 |   1.825  1.819 |   12001  12006
  3  4 |   2.548  2.400 |   0.576  0.476 |   1.837  1.804 |   12001  12006
  4  4 |   2.505  2.390 |   0.553  0.480 |   1.790  1.792 |   12001  12006
  5  4 |   2.542  2.449 |   0.591  0.506 |   1.826  1.817 |   12001  12006
  6  4 |   2.539  2.467 |   0.592  0.526 |   1.820  1.813 |   11999  12006
 11  4 |   2.499  2.427 |   0.542  0.477 |   1.809  1.798 |   11999  12005
 12  4 |   2.491  2.435 |   0.540  0.489 |   1.792  1.785 |   11999  12005
 13  4 |   2.515  2.496 |   0.572  0.561 |   1.802  1.799 |   11999  12005
 14  4 |   2.527  2.665 |   0.579  0.727 |   1.811  1.823 |   11999  12005
 15  4 |   2.535  2.696 |   0.591  0.754 |   1.813  1.832 |   11999  12005
  1  5 |   2.440  2.397 |   0.459  0.462 |   1.801  1.812 |   11999  12005
  2  5 |   2.457  2.401 |   0.463  0.464 |   1.810  1.815 |   11999  12005
  3  5 |   2.462  2.408 |   0.468  0.466 |   1.815  1.816 |   11999  12005
  4  5 |   2.469  2.419 |   0.476  0.471 |   1.822  1.823 |   11999  12005
  5  5 |   2.471  2.438 |   0.484  0.481 |   1.824  1.827 |   11998  12005
  6  5 |   2.466  2.449 |   0.486  0.495 |   1.816  1.814 |   11998  12005
 11  5 |   2.449  2.451 |   0.475  0.479 |   1.813  1.820 |   11998  12005
 12  5 |   2.456  2.470 |   0.484  0.501 |   1.814  1.816 |   11998  12005
 13  5 |   2.453  2.523 |   0.487  0.581 |   1.811  1.820 |   11998  12005
 14  5 |   2.452  2.757 |   0.491  0.801 |   1.808  1.847 |   11998  12005
 15  5 |   2.455  2.801 |   0.499  0.825 |   1.812  1.866 |   11998  12005
  1  6 |   2.427  2.400 |   0.480  0.464 |   1.816  1.818 |   11998  12005
  2  6 |   2.430  2.382 |   0.479  0.458 |   1.806  1.803 |   11998  12005
  3  6 |   2.427  2.388 |   0.478  0.460 |   1.803  1.804 |   11998  12005
  4  6 |   2.424  2.395 |   0.478  0.462 |   1.801  1.802 |   11998  12005
  5  6 |   2.418  2.414 |   0.477  0.467 |   1.800  1.803 |   11998  12005
  6  6 |   2.406  2.437 |   0.475  0.482 |   1.794  1.808 |   11997  12005
 11  6 |   2.389  2.424 |   0.456  0.459 |   1.790  1.799 |   11997  12005
 12  6 |   2.398  2.460 |   0.459  0.479 |   1.795  1.811 |   11997  12005
 13  6 |   2.394  2.504 |   0.460  0.544 |   1.794  1.810 |   11997  12005
 14  6 |   2.395  2.741 |   0.464  0.760 |   1.797  1.841 |   11997  12005
 15  6 |   2.414  2.795 |   0.474  0.781 |   1.815  1.867 |   11997  12005
  1  7 |   2.400  2.392 |   0.466  0.464 |   1.814  1.813 |   11996  12005
  2  7 |   2.406  2.394 |   0.472  0.464 |   1.810  1.812 |   11996  12005
  3  7 |   2.408  2.396 |   0.473  0.465 |   1.810  1.806 |   11996  12005
  4  7 |   2.417  2.416 |   0.477  0.472 |   1.815  1.813 |   11996  12005
  5  7 |   2.416  2.429 |   0.465  0.472 |   1.814  1.810 |   11996  12005
  6  7 |   2.407  2.443 |   0.463  0.482 |   1.809  1.810 |   11996  12005
 11  7 |   2.411  2.444 |   0.465  0.465 |   1.817  1.812 |   11996  12005
 12  7 |   2.410  2.463 |   0.464  0.475 |   1.816  1.819 |   11996  12005
 13  7 |   2.401  2.496 |   0.464  0.528 |   1.812  1.822 |   11996  12005
 14  7 |   2.393  2.701 |   0.463  0.707 |   1.808  1.849 |   11996  12005
 15  7 |   2.399  2.778 |   0.466  0.750 |   1.814  1.878 |   11996  12005
  1  8 |   2.368  2.378 |   0.461  0.460 |   1.805  1.807 |   11996  12005
  2  8 |   2.365  2.393 |   0.463  0.463 |   1.797  1.814 |   11996  12005
  3  8 |   2.372  2.403 |   0.466  0.467 |   1.801  1.820 |   11996  12005
  4  8 |   2.377  2.410 |   0.459  0.466 |   1.803  1.817 |   11996  12005
  5  8 |   2.373  2.427 |   0.457  0.473 |   1.800  1.818 |   11996  12005
  6  8 |   2.369  2.449 |   0.457  0.481 |   1.798  1.819 |   11996  12005
 11  8 |   2.385  2.448 |   0.463  0.470 |   1.811  1.825 |   11996  12005
 12  8 |   2.400  2.469 |   0.467  0.484 |   1.822  1.826 |   11995  12005
 13  8 |   2.392  2.496 |   0.466  0.522 |   1.817  1.827 |   11995  12004
 14  8 |   2.393  2.686 |   0.466  0.668 |   1.818  1.872 |   11995  12004
 15  8 |   2.387  2.755 |   0.465  0.715 |   1.814  1.888 |   11995  12004
  1  9 |   2.388  2.400 |   0.468  0.466 |   1.822  1.824 |   11995  12004
  2  9 |   2.386  2.383 |   0.469  0.460 |   1.818  1.808 |   11995  12004
  3  9 |   2.385  2.392 |   0.464  0.461 |   1.815  1.810 |   11995  12004
  4  9 |   2.376  2.399 |   0.462  0.460 |   1.809  1.807 |   11995  12004
  5  9 |   2.372  2.408 |   0.460  0.463 |   1.805  1.805 |   11995  12004
  6  9 |   2.372  2.422 |   0.460  0.470 |   1.805  1.806 |   11995  12004
 11  9 |   2.379  2.422 |   0.463  0.457 |   1.811  1.799 |   11994  12004
 12  9 |   2.378  2.457 |   0.463  0.466 |   1.811  1.816 |   11994  12004
 13  9 |   2.380  2.471 |   0.463  0.480 |   1.811  1.815 |   11994  12004
 14  9 |   2.394  2.629 |   0.468  0.622 |   1.823  1.865 |   11994  12004
 15  9 |   2.397  2.687 |   0.468  0.651 |   1.825  1.884 |   11994  12004
  1 10 |   2.393  2.408 |   0.469  0.472 |   1.829  1.819 |   11994  12004
  2 10 |   2.393  2.402 |   0.469  0.472 |   1.827  1.812 |   11993  12004
  3 10 |   2.395  2.412 |   0.468  0.476 |   1.824  1.811 |   11993  12004
  4 10 |   2.385  2.422 |   0.465  0.482 |   1.816  1.811 |   11993  12004
  5 10 |   2.374  2.438 |   0.462  0.492 |   1.807  1.811 |   11993  12004
  6 10 |   2.367  2.460 |   0.459  0.511 |   1.803  1.817 |   11993  12004
 11 10 |   2.363  2.436 |   0.459  0.474 |   1.802  1.798 |   11992  12004
 12 10 |   2.371  2.461 |   0.461  0.485 |   1.806  1.802 |   11991  12004
 13 10 |   2.371  2.484 |   0.462  0.515 |   1.808  1.816 |   11991  12004
 14 10 |   2.370  2.568 |   0.462  0.584 |   1.809  1.830 |   11991  12004
 15 10 |   2.384  2.639 |   0.466  0.628 |   1.820  1.855 |   11991  12004
  1 11 |   2.387  2.377 |   0.467  0.460 |   1.823  1.807 |   11991  12004
  2 11 |   2.386  2.365 |   0.466  0.457 |   1.821  1.798 |   11991  12004
  3 11 |   2.388  2.377 |   0.468  0.460 |   1.824  1.803 |   11991  12004
  4 11 |   2.396  2.388 |   0.470  0.463 |   1.828  1.806 |   11991  12004
  5 11 |   2.384  2.400 |   0.465  0.474 |   1.817  1.802 |   11991  12004
  6 11 |   2.389  2.438 |   0.467  0.499 |   1.822  1.814 |   11991  12004
 11 11 |   2.376  2.408 |   0.464  0.466 |   1.813  1.807 |   11991  12004
 12 11 |   2.371  2.439 |   0.463  0.485 |   1.812  1.820 |   11991  12004
 13 11 |   2.363  2.474 |   0.461  0.519 |   1.805  1.819 |   11990  12004
 14 11 |   2.369  2.543 |   0.462  0.590 |   1.808  1.816 |   11990  12004
 15 11 |   2.373  2.523 |   0.463  0.567 |   1.813  1.800 |   11990  11996

per row y: mean (max) of emitB emitN brecB brecN, mean recB recN
y= 2 n=11  3.231( 3.544)  2.409( 2.578)  1.115( 1.368)  0.495( 0.636)  rec  12003  12006
y= 3 n=11  2.843( 3.008)  2.400( 2.598)  0.844( 1.008)  0.491( 0.656)  rec  12001  12006
y= 4 n=11  2.518( 2.548)  2.475( 2.696)  0.559( 0.592)  0.540( 0.754)  rec  12000  12006
y= 5 n=11  2.457( 2.471)  2.501( 2.801)  0.479( 0.499)  0.548( 0.825)  rec  11999  12005
y= 6 n=11  2.411( 2.430)  2.485( 2.795)  0.471( 0.480)  0.529( 0.781)  rec  11998  12005
y= 7 n=11  2.406( 2.417)  2.487( 2.778)  0.467( 0.477)  0.522( 0.750)  rec  11996  12005
y= 8 n=11  2.380( 2.400)  2.483( 2.755)  0.463( 0.467)  0.515( 0.715)  rec  11995  12005
y= 9 n=11  2.382( 2.397)  2.461( 2.687)  0.464( 0.469)  0.496( 0.651)  rec  11994  12004
y=10 n=11  2.379( 2.395)  2.466( 2.639)  0.464( 0.469)  0.508( 0.628)  rec  11992  12004
y=11 n=11  2.380( 2.396)  2.430( 2.543)  0.465( 0.470)  0.495( 0.590)  rec  11991  12003

emit window (first start -> last end) mean over 30 launches: 3.576 ms
  last to end: (3, 2, 'BRISC') 21x
  last to end: (2, 2, 'BRISC') 9x

predicted emit (pages in proportion to speed): 2.484 ms/view; max now 3.544
// {x, y, BRISC, NCRISC} relative speed (records per cycle, mean mover = 1000)
    {1, 2, 731, 1053},
    {2, 2, 706, 1040},
    {3, 2, 701, 1037},
    {4, 2, 736, 1035},
    {5, 2, 774, 1027},
    {6, 2, 789, 1057},
    {11, 2, 813, 1090},
    {12, 2, 791, 1049},
    {13, 2, 799, 1033},
    {14, 2, 810, 975},
    {15, 2, 838, 964},
    {1, 3, 897, 1035},
    {2, 3, 849, 1041},
    {3, 3, 828, 1057},
    {4, 3, 827, 1064},
    {5, 3, 826, 1065},
    {6, 3, 840, 1056},
    {11, 3, 897, 1069},
    {12, 3, 895, 1077},
    {13, 3, 913, 1026},
    {14, 3, 928, 957},
    {15, 3, 932, 962},
    {1, 4, 1001, 1040},
    {2, 4, 989, 1031},
    {3, 4, 975, 1035},
    {4, 4, 992, 1040},
    {5, 4, 977, 1015},
    {6, 4, 978, 1008},
    {11, 4, 994, 1024},
    {12, 4, 997, 1020},
    {13, 4, 987, 996},
    {14, 4, 983, 932},
    {15, 4, 980, 922},
    {1, 5, 1018, 1037},
    {2, 5, 1011, 1035},
    {3, 5, 1009, 1032},
    {4, 5, 1006, 1027},
    {5, 5, 1005, 1019},
    {6, 5, 1007, 1015},
    {11, 5, 1014, 1014},
    {12, 5, 1011, 1006},
    {13, 5, 1012, 985},
    {14, 5, 1013, 901},
    {15, 5, 1012, 887},
    {1, 6, 1023, 1035},
    {2, 6, 1022, 1043},
    {3, 6, 1023, 1041},
    {4, 6, 1025, 1038},
    {5, 6, 1027, 1029},
    {6, 6, 1032, 1020},
    {11, 6, 1040, 1025},
    {12, 6, 1035, 1010},
    {13, 6, 1037, 992},
    {14, 6, 1037, 907},
    {15, 6, 1029, 889},
    {1, 7, 1035, 1039},
    {2, 7, 1032, 1038},
    {3, 7, 1031, 1037},
    {4, 7, 1027, 1029},
    {5, 7, 1028, 1023},
    {6, 7, 1032, 1017},
    {11, 7, 1030, 1017},
    {12, 7, 1030, 1009},
    {13, 7, 1034, 996},
    {14, 7, 1037, 920},
    {15, 7, 1035, 895},
    {1, 8, 1049, 1045},
    {2, 8, 1050, 1038},
    {3, 8, 1047, 1034},
    {4, 8, 1045, 1031},
    {5, 8, 1046, 1024},
    {6, 8, 1048, 1015},
    {11, 8, 1041, 1015},
    {12, 8, 1034, 1006},
    {13, 8, 1038, 996},
    {14, 8, 1038, 925},
    {15, 8, 1040, 902},
    {1, 9, 1040, 1036},
    {2, 9, 1041, 1043},
    {3, 9, 1041, 1039},
    {4, 9, 1045, 1036},
    {5, 9, 1047, 1032},
    {6, 9, 1047, 1026},
    {11, 9, 1044, 1026},
    {12, 9, 1044, 1012},
    {13, 9, 1043, 1006},
    {14, 9, 1037, 945},
    {15, 9, 1036, 925},
    {1, 10, 1037, 1032},
    {2, 10, 1037, 1035},
    {3, 10, 1037, 1030},
    {4, 10, 1041, 1026},
    {5, 10, 1046, 1019},
    {6, 10, 1049, 1010},
    {11, 10, 1050, 1020},
    {12, 10, 1047, 1010},
    {13, 10, 1047, 1000},
    {14, 10, 1047, 967},
    {15, 10, 1041, 942},
    {1, 11, 1040, 1045},
    {2, 11, 1040, 1050},
    {3, 11, 1039, 1045},
    {4, 11, 1036, 1040},
    {5, 11, 1041, 1035},
    {6, 11, 1039, 1019},
    {11, 11, 1045, 1032},
    {12, 11, 1047, 1019},
    {13, 11, 1050, 1004},
    {14, 11, 1048, 977},
    {15, 11, 1046, 984},
