frame  legacy   calib  oracle   mean  max_item  (us, busiest mover)
    0    4955    4023    3788   3216     3324
    1    4957    4016    3781   3215     3329
    2    3006    3006    3006   2339     3006
    3    3045    3045    3045   2407     3045
    4    3051    3051    3051   2533     3051
    5    3383    3383    3170   2683     3097
    6    3507    3692    3321   2827     3118
    7    3551    3716    3420   2981     3252
    8    3978    3847    3695   3164     3262
    9    5041    4139    4067   3385     3303
   10    5218    4189    3926   3477     3306
mean     3972    3646    3479   2930
frame  LB  (max_item, nc_only/110, total/220)
    0   3445 (3324, 3445, 3126)
    1   3445 (3329, 3445, 3126)
    2   3006 (3006, 2403, 2272)
    3   3045 (3045, 2469, 2339)
    4   3051 (3051, 2530, 2465)
    5   3097 (3097, 2734, 2610)
    6   3118 (3118, 2881, 2752)
    7   3252 (3252, 3013, 2905)
    8   3270 (3262, 3270, 3082)
    9   3633 (3303, 3633, 3294)
   10   3682 (3306, 3682, 3386)
