  x  y |   emitB  emitN |   brecB  brecN |   procB  procN |    recB   recN
  1  2 |   2.547  1.763 |   0.395  0.495 |   0.074  0.014 |       0      0
  2  2 |   2.596  1.878 |   0.448  0.495 |   0.129  0.014 |       0      0
  3  2 |   2.522  1.823 |   0.490  0.492 |   0.092  0.015 |       0      0
  4  2 |   2.445  2.088 |   0.515  0.500 |   0.129  0.017 |       0      0
  5  2 |   2.323  2.277 |   0.608  0.509 |   0.118  0.014 |       0      0
  6  2 |   2.181  2.337 |   0.576  0.547 |   0.078  0.018 |       0      0
 11  2 |   2.547  2.410 |   0.813  0.508 |   0.062  0.035 |       0      0
 12  2 |   2.293  2.324 |   0.792  0.510 |   0.046  0.031 |       0      0
 13  2 |   1.888  2.103 |   0.502  0.615 |   0.083  0.013 |       0      0
 14  2 |   1.713  2.096 |   0.454  0.567 |   0.040  0.047 |       0      0
 15  2 |   1.553  2.098 |   0.449  0.532 |   0.040  0.045 |       0      0
  1  3 |   2.652  2.546 |   0.508  0.483 |   0.040  0.016 |       0      0
  2  3 |   2.657  2.561 |   0.636  0.494 |   0.054  0.016 |       0      0
  3  3 |   2.651  2.569 |   0.757  0.501 |   0.055  0.015 |       0      0
  4  3 |   2.643  2.535 |   0.726  0.507 |   0.054  0.016 |       0      0
  5  3 |   2.579  2.499 |   0.709  0.514 |   0.051  0.014 |       0      0
  6  3 |   2.540  2.501 |   0.662  0.530 |   0.062  0.015 |       0      0
 11  3 |   2.695  2.648 |   0.876  0.499 |   0.034  0.048 |       0      0
 12  3 |   2.626  2.495 |   0.830  0.522 |   0.050  0.035 |       0      0
 13  3 |   2.215  2.416 |   0.708  0.613 |   0.096  0.015 |       0      0
 14  3 |   2.087  2.290 |   0.582  0.679 |   0.234  0.016 |       0      0
 15  3 |   1.932  2.245 |   0.539  0.601 |   0.184  0.022 |       0      0
  1  4 |   2.243  2.024 |   0.550  0.487 |   0.047  0.016 |       0      0
  2  4 |   2.297  2.020 |   0.616  0.489 |   0.049  0.016 |       0      0
  3  4 |   2.286  1.979 |   0.620  0.493 |   0.052  0.015 |       0      0
  4  4 |   2.280  2.048 |   0.661  0.499 |   0.055  0.015 |       0      0
  5  4 |   2.196  1.972 |   0.587  0.480 |   0.078  0.017 |       0      0
  6  4 |   2.130  2.011 |   0.605  0.493 |   0.063  0.021 |       0      0
 11  4 |   2.260  2.129 |   0.681  0.493 |   0.055  0.045 |       0      0
 12  4 |   2.162  2.105 |   0.691  0.509 |   0.071  0.047 |       0      0
 13  4 |   2.111  2.141 |   0.649  0.545 |   0.144  0.029 |       0      0
 14  4 |   2.126  2.200 |   0.617  0.615 |   0.214  0.043 |       0      0
 15  4 |   2.014  2.175 |   0.570  0.561 |   0.309  0.089 |       0      0
  1  5 |   1.908  1.667 |   0.493  0.492 |   0.343  0.283 |       0      0
  2  5 |   1.937  1.633 |   0.473  0.490 |   0.350  0.220 |       0      0
  3  5 |   1.939  1.607 |   0.478  0.488 |   0.350  0.218 |       0      0
  4  5 |   1.922  1.590 |   0.482  0.488 |   0.306  0.189 |       0      0
  5  5 |   1.890  1.531 |   0.478  0.487 |   0.187  0.160 |       0      0
  6  5 |   1.846  1.646 |   0.479  0.488 |   0.158  0.162 |       0      0
 11  5 |   1.835  1.667 |   0.487  0.474 |   0.160  0.161 |       0      0
 12  5 |   1.748  1.825 |   0.485  0.482 |   0.117  0.102 |       0      0
 13  5 |   1.799  2.040 |   0.504  0.509 |   0.277  0.181 |       0      0
 14  5 |   1.838  2.196 |   0.506  0.530 |   0.333  0.241 |       0      0
 15  5 |   1.681  2.219 |   0.510  0.481 |   0.151  0.170 |       0      0
  1  6 |   1.791  1.572 |   0.493  0.490 |   0.329  0.268 |       0      0
  2  6 |   1.817  1.636 |   0.487  0.495 |   0.359  0.243 |       0      0
  3  6 |   1.821  1.607 |   0.496  0.491 |   0.279  0.174 |       0      0
  4  6 |   1.804  1.590 |   0.489  0.491 |   0.228  0.168 |       0      0
  5  6 |   1.771  1.607 |   0.496  0.487 |   0.188  0.230 |       0      0
  6  6 |   1.725  1.686 |   0.489  0.483 |   0.136  0.175 |       0      0
 11  6 |   1.702  1.629 |   0.472  0.471 |   0.048  0.043 |       0      0
 12  6 |   1.629  1.860 |   0.474  0.476 |   0.060  0.052 |       0      0
 13  6 |   1.798  2.087 |   0.505  0.538 |   0.216  0.160 |       0      0
 14  6 |   1.846  2.239 |   0.505  0.529 |   0.204  0.247 |       0      0
 15  6 |   1.735  2.251 |   0.513  0.499 |   0.054  0.267 |       0      0
  1  7 |   1.640  1.532 |   0.499  0.493 |   0.238  0.272 |       0      0
  2  7 |   1.662  1.521 |   0.490  0.492 |   0.252  0.267 |       0      0
  3  7 |   1.661  1.513 |   0.495  0.491 |   0.218  0.235 |       0      0
  4  7 |   1.644  1.508 |   0.488  0.486 |   0.191  0.199 |       0      0
  5  7 |   1.618  1.538 |   0.487  0.484 |   0.137  0.127 |       0      0
  6  7 |   1.591  1.692 |   0.490  0.481 |   0.103  0.102 |       0      0
 11  7 |   1.567  1.669 |   0.474  0.474 |   0.042  0.038 |       0      0
 12  7 |   1.530  1.891 |   0.475  0.475 |   0.061  0.059 |       0      0
 13  7 |   1.690  2.103 |   0.491  0.504 |   0.251  0.175 |       0      0
 14  7 |   1.727  2.261 |   0.493  0.534 |   0.303  0.218 |       0      0
 15  7 |   1.599  2.270 |   0.499  0.485 |   0.180  0.222 |       0      0
  1  8 |   1.532  1.289 |   0.496  0.495 |   0.091  0.061 |       0      0
  2  8 |   1.547  1.318 |   0.495  0.490 |   0.096  0.075 |       0      0
  3  8 |   1.545  1.359 |   0.497  0.490 |   0.056  0.058 |       0      0
  4  8 |   1.530  1.442 |   0.494  0.490 |   0.062  0.063 |       0      0
  5  8 |   1.510  1.569 |   0.495  0.487 |   0.061  0.067 |       0      0
  6  8 |   1.476  1.735 |   0.494  0.480 |   0.044  0.048 |       0      0
 11  8 |   1.419  1.699 |   0.472  0.475 |   0.044  0.034 |       0      0
 12  8 |   1.401  1.920 |   0.474  0.485 |   0.062  0.084 |       0      0
 13  8 |   1.643  2.134 |   0.495  0.543 |   0.255  0.161 |       0      0
 14  8 |   1.862  2.278 |   0.494  0.593 |   0.435  0.213 |       0      0
 15  8 |   1.815  2.274 |   0.499  0.515 |   0.443  0.299 |       0      0
  1  9 |   1.422  1.254 |   0.492  0.492 |   0.040  0.040 |       0      0
  2  9 |   1.439  1.296 |   0.494  0.495 |   0.043  0.038 |       0      0
  3  9 |   1.432  1.350 |   0.492  0.492 |   0.041  0.037 |       0      0
  4  9 |   1.419  1.436 |   0.494  0.491 |   0.050  0.041 |       0      0
  5  9 |   1.394  1.564 |   0.494  0.488 |   0.048  0.056 |       0      0
  6  9 |   1.411  1.751 |   0.494  0.494 |   0.098  0.087 |       0      0
 11  9 |   1.290  1.695 |   0.471  0.474 |   0.041  0.041 |       0      0
 12  9 |   1.277  1.897 |   0.471  0.475 |   0.054  0.070 |       0      0
 13  9 |   1.762  2.137 |   0.495  0.564 |   0.403  0.145 |       0      0
 14  9 |   1.949  2.280 |   0.495  0.678 |   0.474  0.124 |       0      0
 15  9 |   1.937  2.274 |   0.500  0.573 |   0.477  0.263 |       0      0
  1 10 |   1.373  1.248 |   0.491  0.497 |   0.040  0.040 |       0      0
  2 10 |   1.385  1.278 |   0.492  0.497 |   0.046  0.040 |       0      0
  3 10 |   1.376  1.318 |   0.492  0.494 |   0.040  0.039 |       0      0
  4 10 |   1.367  1.382 |   0.493  0.490 |   0.040  0.038 |       0      0
  5 10 |   1.351  1.511 |   0.496  0.485 |   0.036  0.038 |       0      0
  6 10 |   1.343  1.687 |   0.496  0.482 |   0.045  0.056 |       0      0
 11 10 |   1.271  1.640 |   0.472  0.475 |   0.041  0.027 |       0      0
 12 10 |   1.261  1.856 |   0.469  0.485 |   0.047  0.031 |       0      0
 13 10 |   1.615  2.099 |   0.496  0.510 |   0.319  0.165 |       0      0
 14 10 |   1.768  2.258 |   0.496  0.536 |   0.368  0.221 |       0      0
 15 10 |   1.797  2.237 |   0.501  0.511 |   0.393  0.249 |       0      0
  1 11 |   1.305  1.257 |   0.494  0.494 |   0.041  0.035 |       0      0
  2 11 |   1.321  1.268 |   0.494  0.496 |   0.041  0.030 |       0      0
  3 11 |   1.314  1.278 |   0.493  0.495 |   0.041  0.032 |       0      0
  4 11 |   1.310  1.314 |   0.492  0.495 |   0.041  0.032 |       0      0
  5 11 |   1.313  1.375 |   0.491  0.493 |   0.041  0.034 |       0      0
  6 11 |   1.287  1.451 |   0.492  0.486 |   0.039  0.039 |       0      0
 11 11 |   1.235  1.427 |   0.472  0.475 |   0.041  0.029 |       0      0
 12 11 |   1.224  1.505 |   0.472  0.478 |   0.041  0.028 |       0      0
 13 11 |   1.360  1.778 |   0.497  0.498 |   0.113  0.058 |       0      0
 14 11 |   1.436  1.974 |   0.499  0.493 |   0.159  0.099 |       0      0
 15 11 |   1.367  2.003 |   0.502  0.481 |   0.079  0.068 |       0      0

per row y: mean (max) of emitB emitN brecB brecN, mean recB recN
y= 2 n=11  2.237( 2.596)  2.109( 2.410)  0.549( 0.813)  0.525( 0.615)  rec      0      0
y= 3 n=11  2.480( 2.695)  2.482( 2.648)  0.685( 0.876)  0.540( 0.679)  rec      0      0
y= 4 n=11  2.191( 2.297)  2.073( 2.200)  0.623( 0.691)  0.515( 0.615)  rec      0      0
y= 5 n=11  1.849( 1.939)  1.784( 2.219)  0.489( 0.510)  0.492( 0.530)  rec      0      0
y= 6 n=11  1.767( 1.846)  1.797( 2.251)  0.493( 0.513)  0.495( 0.538)  rec      0      0
y= 7 n=11  1.630( 1.727)  1.772( 2.270)  0.489( 0.499)  0.491( 0.534)  rec      0      0
y= 8 n=11  1.571( 1.862)  1.729( 2.278)  0.491( 0.499)  0.504( 0.593)  rec      0      0
y= 9 n=11  1.521( 1.949)  1.721( 2.280)  0.490( 0.500)  0.520( 0.678)  rec      0      0
y=10 n=11  1.446( 1.797)  1.683( 2.258)  0.490( 0.501)  0.497( 0.536)  rec      0      0
y=11 n=11  1.316( 1.436)  1.512( 2.003)  0.491( 0.502)  0.490( 0.498)  rec      0      0

emit window (first start -> last end) mean over 31 launches: 2.783 ms
  last to end: (11, 3, 'BRISC') 15x
  last to end: (2, 3, 'NCRISC') 5x
  last to end: (3, 3, 'NCRISC') 5x
  last to end: (11, 3, 'NCRISC') 3x
  last to end: (14, 8, 'NCRISC') 1x
  last to end: (14, 3, 'NCRISC') 1x
  last to end: (2, 3, 'BRISC') 1x
Traceback (most recent call last):
  File "/Users/smarton/dev/gsplat_tt/tt-project/state/runs/978/wt/opt/profiler/emit_cores.py", line 96, in <module>
    main()
  File "/Users/smarton/dev/gsplat_tt/tt-project/state/runs/978/wt/opt/profiler/emit_cores.py", line 88, in main
    f"{ms(tot / sum(speed.values())):.3f} ms/view; max now {ms(max(emit.values())):.3f}")
ZeroDivisionError: float division by zero
