launches 9 (skip 1); P mean 2584097
makespan us mean 2775.8; per-view median dur 2542.3; per-view max dur 2719.5 (max 3352.5); makespan-median 233.6

mean pairs/us over movers 4.71

 x  y risc   | dur us  sd   | start off | pairs  | pairs/us rel | top5-last

BRISC: mean dur us by row y (cols x) — then pairs/us rel
   y\x      1      2      3      4      5      6     11     12     13     14     15
    2    1794   1698   1795   1902   1997   2017   2280   2345   1999   1964   2021
    3    2257   2109   2000   2040   2114   2157   2489   2479   2232   2143   2196
    4    2445   2463   2444   2515   2396   2478   2524   2506   2448   2471   2445
    5    2521   2482   2517   2520   2526   2537   2516   2490   2540   2524   2526
    6    2544   2550   2547   2534   2531   2538   2453   2452   2553   2540   2537
    7    2543   2541   2537   2526   2536   2549   2459   2481   2552   2541   2545
    8    2594   2578   2567   2573   2570   2563   2448   2469   2582   2559   2571
    9    2566   2573   2553   2563   2563   2544   2424   2418   2545   2525   2579
   10    2549   2562   2545   2558   2571   2583   2459   2450   2565   2546   2570
   11    2564   2560   2558   2574   2573   2577   2472   2471   2567   2579   2585
   y\x      1      2      3      4      5      6     11     12     13     14     15
    2   1.010  1.034  0.967  0.959  0.961  0.972  1.088  1.056  1.005  0.997  0.979
    3   0.986  1.003  1.027  1.001  0.968  0.968  0.999  1.002  0.999  1.038  1.031
    4   1.012  0.992  0.984  0.974  1.007  0.976  0.979  0.987  1.003  0.998  0.998
    5   0.998  1.006  0.991  0.986  0.984  0.982  0.983  0.994  0.988  0.992  0.993
    6   0.996  0.993  0.995  1.002  1.005  1.007  1.009  1.010  1.010  1.010  1.012
    7   1.007  1.005  1.006  1.006  1.004  1.003  1.007  0.999  1.000  1.004  1.006
    8   1.002  1.009  1.010  1.005  1.007  1.011  1.010  1.002  0.998  1.000  1.000
    9   1.003  1.001  1.009  1.008  1.011  1.019  1.021  1.024  1.016  1.024  1.002
   10   1.007  1.002  1.009  1.008  1.008  1.006  1.007  1.011  1.014  1.018  1.010
   11   1.005  1.007  1.007  0.997  1.003  0.999  1.002  1.003  1.008  1.006  1.006

NCRISC: mean dur us by row y (cols x) — then pairs/us rel
   y\x      1      2      3      4      5      6     11     12     13     14     15
    2    2571   2554   2505   2424   2388   2617   2500   2502   2670   2550   2498
    3    2479   2583   2605   2555   2530   2549   2420   2430   2615   2680   2591
    4    2538   2558   2586   2604   2483   2546   2492   2492   2538   2577   2545
    5    2560   2551   2546   2551   2551   2564   2477   2522   2557   2564   2535
    6    2555   2574   2549   2545   2546   2553   2459   2462   2559   2571   2537
    7    2559   2559   2563   2545   2558   2560   2478   2507   2571   2579   2559
    8    2580   2543   2544   2552   2539   2538   2479   2501   2574   2578   2570
    9    2573   2594   2575   2578   2572   2575   2487   2490   2592   2594   2592
   10    2576   2577   2576   2566   2541   2525   2456   2478   2571   2574   2568
   11    2589   2582   2567   2563   2557   2537   2450   2478   2572   2562   2475
   y\x      1      2      3      4      5      6     11     12     13     14     15
    2   1.015  1.009  1.027  1.058  1.063  1.000  0.991  0.991  1.014  1.019  1.023
    3   1.032  0.998  1.008  1.037  1.043  1.024  1.020  1.016  1.010  0.994  0.983
    4   1.020  1.000  0.994  0.990  1.018  0.981  0.994  0.994  1.000  0.980  0.969
    5   1.005  1.006  1.006  0.998  0.989  0.980  0.999  0.982  0.981  0.970  0.961
    6   1.003  1.003  1.010  1.009  1.001  0.989  1.007  1.005  0.991  0.972  0.968
    7   1.006  1.005  1.003  1.002  0.991  0.984  0.999  0.987  0.979  0.967  0.963
    8   1.003  1.012  1.009  1.002  1.001  0.993  1.001  0.992  0.976  0.965  0.959
    9   0.998  0.997  1.001  0.997  0.994  0.987  0.996  0.996  0.980  0.965  0.960
   10   0.993  0.995  0.991  0.991  0.994  0.991  1.008  0.999  0.981  0.971  0.963
   11   1.000  1.007  1.008  1.005  1.002  0.995  1.012  0.999  0.993  0.984  1.004

most often among the 5 last to end:
  (14, 3, 'NCRISC') 9/9
  (3, 3, 'NCRISC') 6/9
  (13, 3, 'NCRISC') 5/9
  (13, 2, 'NCRISC') 5/9
  (15, 3, 'NCRISC') 4/9
  (6, 2, 'NCRISC') 3/9
  (4, 3, 'NCRISC') 3/9
  (6, 3, 'NCRISC') 2/9
  (4, 4, 'NCRISC') 2/9
  (3, 4, 'NCRISC') 2/9
  (15, 9, 'NCRISC') 1/9
  (2, 4, 'BRISC') 1/9
