launches 9 (skip 1); P mean 2584097
makespan us mean 2362.1; per-view median dur 2185.7; per-view max dur 2308.2 (max 2847.0); makespan-median 176.4

mean pairs/us over movers 5.50

 x  y risc   | dur us  sd   | start off | pairs  | pairs/us rel | top5-last

BRISC: mean dur us by row y (cols x) — then pairs/us rel
   y\x      1      2      3      4      5      6     11     12     13     14     15
    2    1497   1417   1486   1576   1656   1671   1943   1997   1698   1668   1719
    3    1915   1783   1682   1714   1771   1804   2112   2105   1889   1815   1860
    4    2093   2106   2080   2155   2032   2108   2167   2149   2091   2107   2078
    5    2207   2150   2191   2190   2198   2206   2192   2163   2206   2188   2179
    6    2216   2221   2217   2201   2197   2195   2111   2113   2203   2192   2187
    7    2205   2204   2200   2188   2192   2199   2121   2142   2201   2191   2193
    8    2233   2220   2212   2216   2213   2208   2108   2125   2222   2202   2212
    9    2209   2216   2199   2208   2209   2192   2090   2085   2194   2178   2222
   10    2197   2209   2194   2206   2218   2227   2118   2109   2210   2196   2217
   11    2211   2208   2205   2218   2216   2219   2129   2128   2214   2224   2230
   y\x      1      2      3      4      5      6     11     12     13     14     15
    2   1.038  1.062  1.000  0.991  0.993  1.006  1.094  1.063  1.015  1.006  0.987
    3   0.996  1.016  1.046  1.021  0.990  0.991  1.010  1.013  1.012  1.050  1.043
    4   1.013  0.995  0.992  0.975  1.018  0.984  0.978  0.986  1.006  1.003  1.008
    5   0.978  0.996  0.976  0.973  0.970  0.969  0.967  0.981  0.975  0.980  0.987
    6   0.980  0.977  0.979  0.989  0.993  0.998  1.005  1.005  1.003  1.003  1.007
    7   0.996  0.993  0.995  0.996  0.995  0.997  1.002  0.992  0.994  0.998  1.002
    8   0.998  1.004  1.005  1.001  1.003  1.007  1.006  0.998  0.994  0.997  0.997
    9   0.999  0.997  1.005  1.004  1.006  1.014  1.016  1.018  1.011  1.018  0.997
   10   1.002  0.997  1.004  1.002  1.002  1.001  1.003  1.007  1.009  1.013  1.004
   11   0.999  1.001  1.002  0.992  0.998  0.994  0.997  0.998  1.002  1.000  1.000

NCRISC: mean dur us by row y (cols x) — then pairs/us rel
   y\x      1      2      3      4      5      6     11     12     13     14     15
    2    2211   2194   2147   2090   2057   2231   2140   2137   2281   2182   2135
    3    2135   2220   2236   2194   2168   2177   2079   2085   2227   2270   2191
    4    2178   2192   2210   2222   2122   2162   2130   2122   2160   2198   2156
    5    2200   2191   2180   2182   2181   2191   2121   2153   2189   2185   2134
    6    2198   2213   2187   2179   2177   2179   2111   2105   2194   2195   2127
    7    2200   2198   2200   2179   2188   2193   2127   2148   2206   2205   2162
    8    2215   2183   2180   2190   2182   2179   2132   2141   2211   2207   2174
    9    2213   2232   2210   2211   2204   2209   2137   2146   2231   2231   2207
   10    2212   2210   2204   2192   2170   2153   2114   2138   2210   2209   2182
   11    2226   2217   2201   2199   2191   2171   2113   2135   2211   2201   2114
   y\x      1      2      3      4      5      6     11     12     13     14     15
    2   1.012  1.007  1.027  1.052  1.059  1.005  0.992  0.995  1.018  1.021  1.025
    3   1.027  0.996  1.007  1.035  1.043  1.028  1.018  1.016  1.017  1.006  0.997
    4   1.019  1.001  0.997  0.995  1.020  0.990  0.997  1.001  1.008  0.985  0.980
    5   1.003  1.005  1.007  1.000  0.992  0.983  1.000  0.986  0.983  0.976  0.978
    6   1.000  1.000  1.009  1.011  1.003  0.993  1.006  1.008  0.991  0.975  0.989
    7   1.003  1.003  1.002  1.003  0.992  0.984  0.998  0.987  0.978  0.970  0.976
    8   1.001  1.010  1.009  1.001  0.998  0.991  0.998  0.993  0.974  0.967  0.971
    9   0.995  0.993  1.000  0.996  0.995  0.986  0.994  0.989  0.976  0.962  0.966
   10   0.992  0.994  0.993  0.994  0.997  0.996  1.005  0.992  0.979  0.970  0.971
   11   0.997  1.005  1.008  1.004  1.003  0.997  1.006  0.994  0.991  0.981  1.008

most often among the 5 last to end:
  (14, 3, 'NCRISC') 9/9
  (13, 3, 'NCRISC') 6/9
  (3, 3, 'NCRISC') 6/9
  (13, 2, 'NCRISC') 5/9
  (1, 5, 'BRISC') 3/9
  (4, 3, 'NCRISC') 3/9
  (4, 4, 'NCRISC') 3/9
  (2, 5, 'BRISC') 2/9
  (14, 9, 'NCRISC') 2/9
  (14, 6, 'NCRISC') 1/9
  (4, 4, 'BRISC') 1/9
  (13, 9, 'NCRISC') 1/9
