  x  y |   emitB  emitN |   brecB  brecN |   procB  procN |    recB   recN
  1  2 |   2.712  2.481 |   0.951  0.478 |   1.447  1.874 |    8711  12560
  2  2 |   2.769  2.478 |   1.073  0.478 |   1.489  1.874 |    8420  12406
  3  2 |   2.910  2.397 |   1.302  0.458 |   1.442  1.823 |    8361  12370
  4  2 |   2.890  2.329 |   1.255  0.443 |   1.480  1.776 |    8778  12344
  5  2 |   2.831  2.362 |   1.188  0.454 |   1.497  1.777 |    9232  12250
  6  2 |   2.642  2.576 |   1.040  0.551 |   1.454  1.907 |    9412  12606
 11  2 |   2.727  2.444 |   0.689  0.473 |   1.801  1.815 |   11930  11926
 12  2 |   2.862  2.452 |   0.819  0.488 |   1.844  1.802 |   11927  11929
 13  2 |   2.507  2.676 |   0.766  0.609 |   1.539  1.945 |    9698  13001
 14  2 |   2.442  2.699 |   0.748  0.722 |   1.473  1.842 |    9434  12513
 15  2 |   2.461  2.669 |   0.770  0.699 |   1.489  1.824 |    9529  12322
  1  3 |   2.506  2.402 |   0.641  0.462 |   1.672  1.829 |   10698  12345
  2  3 |   2.536  2.490 |   0.737  0.484 |   1.621  1.886 |   10126  12418
  3  3 |   2.538  2.485 |   0.811  0.485 |   1.569  1.893 |    9875  12608
  4  3 |   2.555  2.457 |   0.849  0.473 |   1.546  1.870 |    9863  12692
  5  3 |   2.566  2.454 |   0.870  0.473 |   1.551  1.852 |    9853  12702
  6  3 |   2.534  2.487 |   0.840  0.490 |   1.544  1.858 |   10019  12596
 11  3 |   2.658  2.359 |   0.696  0.450 |   1.819  1.768 |   11928  11926
 12  3 |   2.660  2.382 |   0.705  0.459 |   1.811  1.764 |   11927  11929
 13  3 |   2.419  2.596 |   0.641  0.567 |   1.608  1.901 |   10698  12751
 14  3 |   2.308  2.810 |   0.578  0.751 |   1.547  1.929 |   10676  12845
 15  3 |   2.362  2.687 |   0.598  0.684 |   1.596  1.834 |   10889  12239
  1  4 |   2.445  2.427 |   0.463  0.473 |   1.782  1.839 |   11939  12405
  2  4 |   2.450  2.461 |   0.471  0.485 |   1.768  1.856 |   11797  12295
  3  4 |   2.452  2.481 |   0.488  0.496 |   1.755  1.867 |   11629  12347
  4  4 |   2.501  2.520 |   0.539  0.517 |   1.807  1.886 |   11831  12404
  5  4 |   2.442  2.425 |   0.519  0.489 |   1.741  1.798 |   11654  12106
  6  4 |   2.463  2.501 |   0.542  0.520 |   1.756  1.820 |   11666  12022
 11  4 |   2.486  2.444 |   0.515  0.482 |   1.806  1.803 |   11929  11927
 12  4 |   2.491  2.476 |   0.532  0.494 |   1.798  1.794 |   11927  11929
 13  4 |   2.468  2.547 |   0.533  0.568 |   1.769  1.823 |   11855  12213
 14  4 |   2.473  2.759 |   0.541  0.790 |   1.768  1.854 |   11892  12167
 15  4 |   2.458  2.759 |   0.540  0.816 |   1.759  1.830 |   11771  11879
  1  5 |   2.433  2.471 |   0.464  0.477 |   1.821  1.870 |   12143  12370
  2  5 |   2.414  2.460 |   0.462  0.474 |   1.801  1.860 |   12059  12344
  3  5 |   2.441  2.456 |   0.471  0.474 |   1.814  1.856 |   12037  12308
  4  5 |   2.439  2.462 |   0.475  0.477 |   1.809  1.850 |   11998  12250
  5  5 |   2.443  2.479 |   0.479  0.483 |   1.812  1.844 |   11986  12154
  6  5 |   2.453  2.505 |   0.486  0.501 |   1.824  1.839 |   12012  12105
 11  5 |   2.418  2.429 |   0.477  0.470 |   1.813  1.797 |   11927  11929
 12  5 |   2.413  2.490 |   0.478  0.489 |   1.805  1.803 |   11927  11930
 13  5 |   2.465  2.558 |   0.494  0.581 |   1.834  1.835 |   12094  12095
 14  5 |   2.457  2.817 |   0.496  0.859 |   1.825  1.846 |   12058  11999
 15  5 |   2.456  2.809 |   0.498  0.871 |   1.825  1.823 |   12070  11750
  1  6 |   2.451  2.455 |   0.489  0.475 |   1.852  1.862 |   12201  12345
  2  6 |   2.455  2.482 |   0.492  0.479 |   1.851  1.878 |   12190  12441
  3  6 |   2.455  2.454 |   0.491  0.472 |   1.848  1.859 |   12201  12415
  4  6 |   2.450  2.460 |   0.490  0.474 |   1.845  1.854 |   12226  12383
  5  6 |   2.448  2.462 |   0.488  0.475 |   1.845  1.839 |   12246  12276
  6  6 |   2.452  2.483 |   0.490  0.481 |   1.851  1.825 |   12308  12167
 11  6 |   2.357  2.415 |   0.455  0.458 |   1.784  1.789 |   11928  11927
 12  6 |   2.363  2.450 |   0.458  0.463 |   1.786  1.784 |   11930  11925
 13  6 |   2.461  2.553 |   0.480  0.557 |   1.858  1.846 |   12404  12226
 14  6 |   2.451  2.823 |   0.480  0.820 |   1.849  1.862 |   12345  12046
 15  6 |   2.450  2.842 |   0.482  0.845 |   1.849  1.852 |   12372  11831
  1  7 |   2.440  2.472 |   0.478  0.480 |   1.861  1.876 |   12343  12394
  2  7 |   2.444  2.475 |   0.484  0.481 |   1.857  1.873 |   12309  12379
  3  7 |   2.438  2.471 |   0.484  0.481 |   1.851  1.869 |   12299  12367
  4  7 |   2.437  2.456 |   0.482  0.477 |   1.847  1.848 |   12252  12275
  5  7 |   2.445  2.478 |   0.474  0.478 |   1.852  1.845 |   12259  12203
  6  7 |   2.455  2.493 |   0.478  0.482 |   1.861  1.831 |   12309  12131
 11  7 |   2.369  2.440 |   0.459  0.462 |   1.798  1.798 |   11926  11930
 12  7 |   2.380  2.491 |   0.463  0.466 |   1.806  1.800 |   11925  11928
 13  7 |   2.451  2.541 |   0.476  0.521 |   1.860  1.843 |   12284  12130
 14  7 |   2.445  2.785 |   0.476  0.773 |   1.856  1.868 |   12287  12033
 15  7 |   2.451  2.808 |   0.477  0.791 |   1.859  1.866 |   12333  11882
  1  8 |   2.479  2.478 |   0.486  0.481 |   1.893  1.884 |   12511  12463
  2  8 |   2.465  2.461 |   0.484  0.477 |   1.881  1.868 |   12525  12381
  3  8 |   2.457  2.463 |   0.482  0.479 |   1.871  1.867 |   12489  12332
  4  8 |   2.457  2.473 |   0.474  0.480 |   1.869  1.867 |   12466  12296
  5  8 |   2.461  2.481 |   0.476  0.479 |   1.872  1.851 |   12477  12213
  6  8 |   2.467  2.484 |   0.478  0.480 |   1.877  1.825 |   12499  12106
 11  8 |   2.363  2.451 |   0.458  0.464 |   1.796  1.808 |   11931  11926
 12  8 |   2.366  2.506 |   0.460  0.468 |   1.801  1.816 |   11927  11929
 13  8 |   2.474  2.536 |   0.482  0.504 |   1.883  1.848 |   12415  12106
 14  8 |   2.451  2.749 |   0.478  0.724 |   1.866  1.875 |   12333  12000
 15  8 |   2.462  2.799 |   0.481  0.757 |   1.873  1.891 |   12380  11881
  1  9 |   2.455  2.470 |   0.480  0.481 |   1.876  1.879 |   12405  12357
  2  9 |   2.466  2.489 |   0.484  0.484 |   1.883  1.892 |   12415  12441
  3  9 |   2.454  2.471 |   0.477  0.479 |   1.871  1.875 |   12417  12393
  4  9 |   2.462  2.470 |   0.479  0.477 |   1.878  1.866 |   12463  12357
  5  9 |   2.464  2.483 |   0.478  0.477 |   1.878  1.857 |   12487  12310
  6  9 |   2.456  2.499 |   0.476  0.482 |   1.873  1.847 |   12488  12237
 11  9 |   2.347  2.439 |   0.456  0.461 |   1.789  1.805 |   11926  11930
 12  9 |   2.343  2.489 |   0.454  0.462 |   1.787  1.803 |   11927  11929
 13  9 |   2.457  2.537 |   0.479  0.502 |   1.876  1.862 |   12450  12239
 14  9 |   2.446  2.696 |   0.475  0.656 |   1.868  1.892 |   12453  12069
 15  9 |   2.472  2.755 |   0.483  0.698 |   1.886  1.905 |   12441  11998
  1 10 |   2.446  2.482 |   0.478  0.491 |   1.869  1.877 |   12369  12311
  2 10 |   2.454  2.491 |   0.480  0.493 |   1.874  1.877 |   12369  12344
  3 10 |   2.451  2.484 |   0.478  0.495 |   1.870  1.868 |   12370  12284
  4 10 |   2.458  2.483 |   0.479  0.498 |   1.874  1.853 |   12418  12237
  5 10 |   2.468  2.482 |   0.481  0.500 |   1.882  1.830 |   12475  12155
  6 10 |   2.477  2.496 |   0.482  0.509 |   1.888  1.815 |   12512  12047
 11 10 |   2.363  2.426 |   0.460  0.474 |   1.801  1.791 |   11927  11927
 12 10 |   2.347  2.501 |   0.455  0.486 |   1.788  1.797 |   11927  11927
 13 10 |   2.458  2.549 |   0.478  0.542 |   1.876  1.849 |   12524  12165
 14 10 |   2.444  2.640 |   0.475  0.631 |   1.867  1.850 |   12487  12047
 15 10 |   2.465  2.688 |   0.481  0.667 |   1.882  1.856 |   12490  11926
  1 11 |   2.453  2.487 |   0.480  0.483 |   1.876  1.888 |   12405  12465
  2 11 |   2.454  2.480 |   0.480  0.480 |   1.876  1.882 |   12404  12523
  3 11 |   2.457  2.470 |   0.481  0.478 |   1.879  1.872 |   12394  12465
  4 11 |   2.464  2.473 |   0.483  0.482 |   1.883  1.869 |   12357  12406
  5 11 |   2.467  2.472 |   0.482  0.488 |   1.882  1.855 |   12414  12348
  6 11 |   2.466  2.472 |   0.482  0.501 |   1.882  1.833 |   12389  12155
 11 11 |   2.369  2.383 |   0.463  0.463 |   1.808  1.793 |   11928  11927
 12 11 |   2.358  2.446 |   0.461  0.483 |   1.800  1.810 |   11929  11927
 13 11 |   2.457  2.550 |   0.480  0.548 |   1.878  1.866 |   12465  12308
 14 11 |   2.464  2.625 |   0.481  0.647 |   1.882  1.842 |   12490  12154
 15 11 |   2.475  2.575 |   0.484  0.609 |   1.893  1.801 |   12524  11975

per row y: mean (max) of emitB emitN brecB brecN, mean recB recN
y= 2 n=11  2.705( 2.910)  2.506( 2.699)  0.964( 1.302)  0.532( 0.722)  rec   9585  12384
y= 3 n=11  2.513( 2.660)  2.510( 2.810)  0.724( 0.870)  0.525( 0.751)  rec  10596  12459
y= 4 n=11  2.466( 2.501)  2.527( 2.759)  0.516( 0.542)  0.557( 0.816)  rec  11808  12154
y= 5 n=11  2.439( 2.465)  2.540( 2.817)  0.480( 0.498)  0.560( 0.871)  rec  12028  12112
y= 6 n=11  2.436( 2.461)  2.534( 2.842)  0.481( 0.492)  0.546( 0.845)  rec  12214  12180
y= 7 n=11  2.432( 2.455)  2.537( 2.808)  0.476( 0.484)  0.536( 0.791)  rec  12230  12150
y= 8 n=11  2.446( 2.479)  2.535( 2.799)  0.476( 0.486)  0.527( 0.757)  rec  12359  12148
y= 9 n=11  2.438( 2.472)  2.527( 2.755)  0.475( 0.484)  0.515( 0.698)  rec  12352  12206
y=10 n=11  2.439( 2.477)  2.520( 2.688)  0.475( 0.482)  0.526( 0.667)  rec  12352  12125
y=11 n=11  2.444( 2.475)  2.494( 2.625)  0.478( 0.484)  0.515( 0.647)  rec  12336  12241

emit window (first start -> last end) mean over 30 launches: 3.011 ms
  last to end: (3, 2, 'BRISC') 14x
  last to end: (14, 3, 'NCRISC') 5x
  last to end: (14, 6, 'NCRISC') 2x
  last to end: (15, 6, 'NCRISC') 2x
  last to end: (4, 2, 'BRISC') 2x
  last to end: (15, 7, 'NCRISC') 1x
  last to end: (15, 8, 'NCRISC') 1x
  last to end: (2, 2, 'BRISC') 1x

predicted emit (pages in proportion to speed): 2.493 ms/view; max now 2.910
// {x, y, BRISC, NCRISC} relative speed (records per cycle, mean mover = 1000)
    {1, 2, 667, 1051},
    {2, 2, 632, 1040},
    {3, 2, 597, 1072},
    {4, 2, 631, 1101},
    {5, 2, 677, 1077},
    {6, 2, 740, 1016},
    {11, 2, 909, 1013},
    {12, 2, 866, 1011},
    {13, 2, 803, 1009},
    {14, 2, 802, 963},
    {15, 2, 804, 959},
    {1, 3, 887, 1068},
    {2, 3, 829, 1036},
    {3, 3, 808, 1054},
    {4, 3, 802, 1073},
    {5, 3, 798, 1075},
    {6, 3, 821, 1052},
    {11, 3, 932, 1050},
    {12, 3, 931, 1040},
    {13, 3, 919, 1020},
    {14, 3, 961, 950},
    {15, 3, 958, 946},
    {1, 4, 1014, 1061},
    {2, 4, 1000, 1038},
    {3, 4, 985, 1034},
    {4, 4, 983, 1022},
    {5, 4, 991, 1037},
    {6, 4, 984, 999},
    {11, 4, 997, 1014},
    {12, 4, 994, 1001},
    {13, 4, 998, 996},
    {14, 4, 999, 916},
    {15, 4, 995, 894},
    {1, 5, 1036, 1040},
    {2, 5, 1038, 1042},
    {3, 5, 1024, 1041},
    {4, 5, 1022, 1033},
    {5, 5, 1019, 1018},
    {6, 5, 1017, 1004},
    {11, 5, 1025, 1020},
    {12, 5, 1027, 995},
    {13, 5, 1019, 982},
    {14, 5, 1019, 885},
    {15, 5, 1021, 869},
    {1, 6, 1034, 1044},
    {2, 6, 1031, 1041},
    {3, 6, 1032, 1051},
    {4, 6, 1037, 1045},
    {5, 6, 1039, 1036},
    {6, 6, 1042, 1018},
    {11, 6, 1051, 1026},
    {12, 6, 1049, 1011},
    {13, 6, 1047, 995},
    {14, 6, 1046, 886},
    {15, 6, 1049, 865},
    {1, 7, 1051, 1042},
    {2, 7, 1046, 1039},
    {3, 7, 1048, 1039},
    {4, 7, 1044, 1038},
    {5, 7, 1042, 1023},
    {6, 7, 1041, 1011},
    {11, 7, 1046, 1016},
    {12, 7, 1041, 994},
    {13, 7, 1041, 992},
    {14, 7, 1044, 897},
    {15, 7, 1045, 879},
    {1, 8, 1048, 1044},
    {2, 8, 1055, 1045},
    {3, 8, 1056, 1040},
    {4, 8, 1054, 1033},
    {5, 8, 1053, 1022},
    {6, 8, 1052, 1012},
    {11, 8, 1049, 1011},
    {12, 8, 1047, 989},
    {13, 8, 1042, 991},
    {14, 8, 1045, 907},
    {15, 8, 1045, 882},
    {1, 9, 1050, 1039},
    {2, 9, 1046, 1038},
    {3, 9, 1051, 1041},
    {4, 9, 1051, 1039},
    {5, 9, 1053, 1030},
    {6, 9, 1056, 1017},
    {11, 9, 1056, 1016},
    {12, 9, 1057, 995},
    {13, 9, 1052, 1002},
    {14, 9, 1058, 930},
    {15, 9, 1045, 905},
    {1, 10, 1050, 1030},
    {2, 10, 1047, 1029},
    {3, 10, 1048, 1027},
    {4, 10, 1049, 1024},
    {5, 10, 1050, 1017},
    {6, 10, 1049, 1003},
    {11, 10, 1048, 1021},
    {12, 10, 1056, 991},
    {13, 10, 1058, 991},
    {14, 10, 1061, 948},
    {15, 10, 1052, 921},
    {1, 11, 1050, 1041},
    {2, 11, 1050, 1049},
    {3, 11, 1048, 1048},
    {4, 11, 1042, 1042},
    {5, 11, 1045, 1038},
    {6, 11, 1044, 1021},
    {11, 11, 1046, 1039},
    {12, 11, 1051, 1013},
    {13, 11, 1054, 1003},
    {14, 11, 1053, 962},
    {15, 11, 1051, 966},
