view    vis   C256 K1.25 C256 K1.5  C256 K2.0  C1024K1.25 C1024K1.5  C1024K2.0  C4096K1.25 C4096K1.5  C4096K2.0 
hero    0.307      0.479      0.478      0.452      0.387      0.382      0.348      0.268      0.259      0.222  lost 0
orb_00  0.214      0.551      0.543      0.504      0.421      0.413      0.368      0.273      0.264      0.218  lost 0
orb_01  0.222      0.539      0.532      0.492      0.413      0.404      0.359      0.269      0.259      0.209  lost 0
orb_02  0.234      0.525      0.517      0.480      0.405      0.398      0.349      0.261      0.248      0.201  lost 0
orb_03  0.247      0.510      0.502      0.465      0.395      0.386      0.340      0.254      0.238      0.192  lost 0
orb_04  0.264      0.494      0.488      0.452      0.380      0.371      0.331      0.243      0.234      0.184  lost 0
orb_05  0.284      0.481      0.475      0.443      0.373      0.365      0.325      0.238      0.226      0.178  lost 0
orb_06  0.305      0.472      0.468      0.438      0.368      0.361      0.316      0.237      0.222      0.172  lost 0
orb_07  0.325      0.465      0.462      0.431      0.363      0.356      0.316      0.233      0.220      0.182  lost 0
orb_08  0.337      0.460      0.456      0.426      0.358      0.351      0.313      0.231      0.223      0.188  lost 0
orb_09  0.342      0.456      0.452      0.425      0.358      0.354      0.320      0.234      0.226      0.194  lost 0
orb_10  0.338      0.457      0.453      0.428      0.362      0.360      0.327      0.242      0.234      0.194  lost 0
orb_11  0.329      0.468      0.462      0.437      0.371      0.364      0.335      0.250      0.242      0.196  lost 0
orb_12  0.318      0.479      0.473      0.447      0.383      0.377      0.345      0.252      0.244      0.203  lost 0
orb_13  0.306      0.490      0.484      0.456      0.396      0.390      0.352      0.257      0.255      0.215  lost 0
orb_14  0.297      0.499      0.494      0.466      0.403      0.398      0.362      0.265      0.260      0.222  lost 0
orb_15  0.291      0.507      0.501      0.473      0.413      0.406      0.371      0.273      0.271      0.233  lost 0
orb_16  0.287      0.512      0.507      0.479      0.418      0.414      0.378      0.279      0.279      0.239  lost 0
orb_17  0.288      0.514      0.509      0.483      0.421      0.417      0.385      0.291      0.285      0.250  lost 0
orb_18  0.289      0.510      0.507      0.481      0.416      0.416      0.382      0.289      0.289      0.251  lost 0
orb_19  0.288      0.507      0.505      0.476      0.408      0.408      0.378      0.285      0.286      0.248  lost 0
orb_20  0.287      0.505      0.502      0.474      0.404      0.401      0.375      0.281      0.283      0.250  lost 0
orb_21  0.282      0.504      0.501      0.473      0.404      0.404      0.371      0.282      0.282      0.246  lost 0
orb_22  0.273      0.505      0.502      0.474      0.407      0.404      0.374      0.287      0.277      0.246  lost 0
orb_23  0.260      0.513      0.512      0.484      0.410      0.409      0.375      0.289      0.279      0.241  lost 0
orb_24  0.241      0.529      0.525      0.493      0.419      0.417      0.376      0.292      0.280      0.233  lost 0
orb_25  0.225      0.546      0.543      0.506      0.429      0.423      0.378      0.284      0.273      0.234  lost 0
orb_26  0.214      0.561      0.552      0.514      0.434      0.424      0.377      0.284      0.271      0.235  lost 0
orb_27  0.208      0.563      0.557      0.517      0.437      0.423      0.376      0.281      0.272      0.228  lost 0
orb_28  0.209      0.561      0.554      0.513      0.432      0.422      0.373      0.281      0.266      0.224  lost 0
MEAN    0.277      0.505      0.501      0.469      0.400      0.394      0.356      0.266      0.258      0.218
x 2.98 ms: C256K1.25=1.51 C256K1.5=1.49 C256K2.0=1.40 C1024K1.25=1.19 C1024K1.5=1.17 C1024K2.0=1.06 C4096K1.25=0.79 C4096K1.5=0.77 C4096K2.0=0.65
