view tr_start_max min_end med_end mean_end max_end brisc_end tail(max-mean) max-med max-p90 n_bulk
 0      0.1   5764.0   5810.4   5809.3   5872.6   5943.2     63.3     62.2     30.7  1113
 1      0.1   4360.5   4437.3   4437.3   4507.0   4579.4     69.7     69.7     36.4  1090
 2      0.1   4525.7   4590.5   4587.9   4639.3   4721.2     51.3     48.8      9.6  1090
 3      0.1   4698.3   4753.1   4758.2   4835.5   4906.1     77.3     82.4     33.7  1093
 4      0.1   4897.4   4971.9   4972.6   5096.6   5162.4    124.0    124.7     85.3  1090
 5      0.1   5150.5   5230.6   5231.9   5364.5   5437.4    132.6    133.9     85.3  1096
 6      0.1   5454.8   5533.6   5542.4   5720.9   5788.6    178.5    187.2    106.6  1097
 7      0.1   5791.1   5871.2   5882.7   6048.6   6116.7    166.0    177.5     71.8  1105
 8      0.1   6050.3   6149.5   6166.7   6342.1   6410.3    175.4    192.6     64.9  1108
 9      0.1   6234.2   6326.1   6343.2   6571.1   6639.1    227.8    244.9    109.9  1114
10      0.1   6316.4   6404.0   6421.6   6640.4   6702.9    218.8    236.5    106.3  1113
11      0.1   6267.6   6351.1   6367.6   6616.1   6679.7    248.5    265.0    158.2  1109
12      0.1   6092.0   6187.3   6198.2   6388.8   6461.2    190.7    201.6     88.4  1111
13      0.1   5917.7   5996.3   6005.1   6219.2   6282.8    214.1    222.9    151.3  1108
14      0.1   5725.3   5805.4   5812.7   5953.1   6021.2    140.4    147.6     87.9  1106
15      0.1   5620.8   5684.3   5683.4   5780.4   5846.2     97.0     96.1     55.0  1101
16      0.1   5504.9   5556.2   5558.1   5650.1   5720.7     91.9     93.9     56.3  1101
17      0.1   5418.6   5473.7   5477.1   5572.2   5643.1     95.1     98.5     57.2  1106
18      0.1   5404.9   5454.2   5455.0   5512.6   5603.4     57.6     58.4     24.9  1104
19      0.1   5396.5   5455.1   5454.1   5515.9   5588.7     61.8     60.8     28.7  1110
20      0.1   5404.4   5451.9   5451.9   5504.7   5594.1     52.9     52.8     23.8  1105
21      0.1   5376.2   5431.8   5430.9   5477.0   5568.3     46.2     45.3     17.0  1112
22      0.1   5296.2   5345.2   5346.0   5400.5   5480.0     54.5     55.2     30.3  1109
23      0.1   5161.4   5207.7   5208.1   5268.2   5339.5     60.1     60.5     30.9  1111
24      0.1   4955.9   5018.9   5016.7   5062.4   5151.2     45.7     43.5     21.8  1105
25      0.1   4662.2   4709.6   4709.7   4758.0   4836.2     48.3     48.5     22.5  1101
26      0.1   4445.9   4495.9   4495.6   4537.6   4626.9     42.1     41.7     18.1  1094
27      0.1   4292.7   4340.7   4339.1   4379.7   4476.5     40.6     39.0     15.6  1092
28      0.1   4240.9   4295.1   4295.9   4353.1   4422.1     57.3     58.1     29.8  1092
29      0.1   4304.1   4352.4   4353.4   4405.4   4481.9     52.0     53.0     24.6  1087
max-mean  mean 106.0 median 73.5 min 40.6 max 248.5 us
max-med   mean 110.1 median 76.1 min 39.0 max 265.0 us
max-p90   mean 56.1 median 35.1 min 9.6 max 158.2 us
max_end   mean 5466.5 median 5508.7 min 4353.1 max 6640.4 us
mean_end  mean 5360.4 median 5453.0 min 4295.9 max 6421.6 us
