view tr_start_max min_end med_end mean_end max_end brisc_end tail(max-mean) max-med max-p90 n_bulk
 0      0.1   5645.4   5802.4   5806.5   6083.6   6158.9    277.1    281.2    114.8  1113
 1      0.1   4280.9   4402.1   4433.5   5043.4   5114.3    610.0    641.4    438.0  1090
 2      0.1   4417.2   4563.7   4583.6   5013.6   5084.2    430.0    449.9    301.7  1090
 3      0.1   4584.9   4742.5   4753.8   5045.1   5115.7    291.3    302.6    146.4  1093
 4      0.1   4773.1   4951.4   4967.7   5285.9   5361.3    318.2    334.5    150.3  1090
 5      0.1   5041.3   5204.3   5229.5   5744.7   5810.5    515.1    540.4    370.2  1096
 6      0.1   5340.5   5511.7   5540.0   5849.9   5917.4    309.9    338.2    154.3  1097
 7      0.1   5676.2   5877.0   5879.2   6160.6   6224.2    281.4    283.6    119.9  1105
 8      0.1   5914.3   6165.9   6165.6   6475.6   6543.1    309.9    309.7    132.8  1108
 9      0.1   6049.1   6343.5   6341.0   6744.6   6812.4    403.7    401.1    225.3  1114
10      0.1   6113.7   6419.9   6418.2   6795.4   6866.0    377.2    375.5    138.4  1113
11      0.1   6070.3   6359.1   6364.7   6701.5   6769.4    336.8    342.4    152.1  1109
12      0.1   5954.6   6195.3   6196.4   6526.4   6592.3    330.1    331.2    132.3  1111
13      0.1   5724.9   6011.7   6000.7   6259.8   6330.4    259.1    248.1     94.2  1108
14      0.1   5596.5   5789.3   5810.7   6157.4   6228.1    346.7    368.1    169.0  1106
15      0.1   5467.8   5668.6   5681.3   5961.4   6031.9    280.0    292.8    119.1  1101
16      0.1   5331.1   5537.1   5557.0   5949.5   6015.4    392.6    412.4    201.0  1101
17      0.1   5274.4   5472.8   5477.7   5785.7   5864.7    308.0    312.9    190.1  1106
18      0.1   5255.0   5430.1   5455.3   6047.1   6134.6    591.8    617.1    417.9  1104
19      0.1   5274.0   5422.4   5453.0   5898.6   5977.4    445.6    476.3    276.0  1110
20      0.1   5262.6   5427.2   5447.3   6011.0   6081.6    563.7    583.8    404.5  1105
21      0.1   5255.5   5387.1   5428.6   5864.6   5934.4    435.9    477.5    252.4  1112
22      0.1   5174.2   5289.0   5345.1   5794.6   5865.3    449.5    505.7    255.1  1109
23      0.1   5039.6   5153.3   5204.3   5744.0   5814.6    539.6    590.6    387.7  1111
24      0.1   4837.6   4950.6   5016.5   5635.0   5705.7    618.6    684.5    362.2  1105
25      0.1   4543.1   4649.5   4708.7   5281.4   5352.1    572.7    631.9    386.1  1101
26      0.0   4348.9   4449.0   4492.3   4983.1   5058.4    490.8    534.2    263.2  1094
27      0.1   4147.0   4261.7   4333.0   5067.2   5133.1    734.3    805.6    469.0  1092
28      0.1   4112.9   4240.7   4290.0   5022.1   5092.9    732.1    781.4    533.7  1092
29      0.1   4197.1   4313.2   4349.7   4955.7   5026.3    605.9    642.5    429.9  1087
max-mean  mean 438.6 median 416.9 min 259.1 max 734.3 us
max-med   mean 463.2 median 431.2 min 248.1 max 805.6 us
max-p90   mean 259.6 median 238.9 min 94.2 max 533.7 us
max_end   mean 5796.3 median 5857.2 min 4955.7 max 6795.4 us
mean_end  mean 5357.7 median 5450.2 min 4290.0 max 6418.2 us
