view  max_end  mean_end last_claim(all) | late core: last_claim  end-last_claim  fin(N-2)  cost(N-1..N)  n_zones
 0   6083.6   5806.5   5453.3 |   4859.7   1223.9   5527.7    555.9   7
 1   5043.4   4433.5   4137.7 |   3908.3   1135.1   4636.4    407.0   6
 2   5013.6   4583.6   4272.5 |   4255.7    758.0   4538.3    475.3   6
 3   5045.1   4753.8   4426.4 |   4274.2    770.9   4682.1    363.0   7
 4   5285.9   4967.7   4616.0 |   4182.9   1103.0   4702.3    583.7   6
 5   5744.7   5229.5   4856.8 |   4030.2   1714.5   4937.2    807.5   6
 6   5849.9   5540.0   5136.5 |   5105.1    744.8   5443.9    406.0  10
 7   6160.6   5879.2   5445.4 |   5407.0    753.6   5710.1    450.5   9
 8   6475.6   6165.6   5698.9 |   5391.5   1084.1   5947.3    528.3   9
 9   6744.6   6341.0   5842.7 |   5816.4    928.3   6344.0    400.6   8
10   6795.4   6418.2   5906.3 |   5606.6   1188.8   6249.4    546.0   7
11   6701.5   6364.7   5857.4 |   5786.1    915.4   6197.1    504.4  11
12   6526.4   6196.4   5701.8 |   5397.7   1128.7   6025.7    500.8   7
13   6259.8   6000.7   5545.9 |   5538.3    721.5   5925.1    334.7  10
14   6157.4   5810.7   5375.9 |   5236.3    921.2   5544.1    613.3  10
15   5961.4   5681.3   5279.7 |   5208.4    753.0   5544.6    416.8  10
16   5949.5   5557.0   5187.4 |   4274.1   1675.4   5238.8    710.7   6
17   5785.7   5477.7   5143.2 |   5143.2    642.5   5482.4    303.3  10
18   6047.1   5455.3   5115.9 |   5067.9    979.2   5780.1    267.0   7
19   5898.6   5453.0   5126.6 |   5046.9    851.7   5517.8    380.8   7
20   6011.0   5447.3   5147.3 |   4826.9   1184.1   5559.5    451.5   7
21   5864.6   5428.6   5136.1 |   4879.8    984.8   5424.5    440.1   8
22   5794.6   5345.1   5058.4 |   4927.7    867.0   5371.5    423.2   8
23   5744.0   5204.3   4925.2 |   4629.7   1114.3   5235.7    508.3   6
24   5635.0   5016.5   4730.9 |   4243.6   1391.5   5174.3    460.8   6
25   5281.4   4708.7   4437.9 |   4362.5    918.9   4947.2    334.2   7
26   4983.1   4492.3   4233.4 |   3877.1   1106.0   4688.9    294.2   6
27   5067.2   4333.0   4043.6 |   2688.7   2378.6   4328.6    738.7   5
28   5022.1   4290.0   4007.5 |   2546.9   2475.2   4256.5    765.6   5
29   4955.7   4349.7   4056.4 |   2652.8   2302.9   4114.9    840.8   5
tail max-mean                      mean 439  median 417  min 259  max 734 us
late core end - its last claim     mean 1157  median 1034  min 643  max 2475 us
late core last-2 subchunk cost     mean 494  median 456  min 267  max 841 us
late core end - global last claim  mean 800  median 779  min 619  max 1024 us
